8.531835824251174927e-01
9.047851413488388062e-01
9.165234267711639404e-01
9.281835705041885376e-01
9.288671761751174927e-01
9.099414050579071045e-01
9.118164032697677612e-01
9.202343821525573730e-01
9.158007800579071045e-01
9.158984273672103882e-01
9.293945282697677612e-01
9.376757740974426270e-01
9.563281089067459106e-01
9.667187333106994629e-01
9.628905951976776123e-01
9.625585675239562988e-01
9.507812261581420898e-01
9.531835764646530151e-01
9.384960830211639404e-01
9.344335794448852539e-01
9.305859208106994629e-01
9.213281124830245972e-01
8.921875059604644775e-01
8.540820330381393433e-01
8.475781232118606567e-01
8.520703166723251343e-01
8.630468845367431641e-01
8.610156178474426270e-01
8.588476479053497314e-01
8.773242235183715820e-01
8.609375059604644775e-01
8.609179705381393433e-01
8.692773431539535522e-01
8.574999868869781494e-01
8.415624946355819702e-01
8.438671827316284180e-01
8.161523342132568359e-01
8.210156112909317017e-01
8.110351562500000000e-01
8.245312422513961792e-01
8.397851586341857910e-01
8.396484404802322388e-01
8.470312505960464478e-01
8.394531160593032837e-01
8.177734315395355225e-01
8.088671863079071045e-01
8.120312392711639404e-01
8.132616877555847168e-01
8.159960806369781494e-01
8.228906095027923584e-01
8.334179669618606567e-01
8.280859440565109253e-01
8.046484440565109253e-01
7.881835997104644775e-01
8.027929514646530151e-01
8.092187196016311646e-01
8.116210699081420898e-01
8.080273419618606567e-01
8.079296946525573730e-01
8.056445419788360596e-01
8.084765523672103882e-01
8.023242056369781494e-01
7.970703095197677612e-01
8.107812255620956421e-01
8.189843446016311646e-01
8.270117044448852539e-01
8.377929627895355225e-01
8.456445485353469849e-01
8.419336080551147461e-01
8.258398622274398804e-01
8.325781226158142090e-01
8.591992259025573730e-01
8.669726550579071045e-01
8.539843708276748657e-01
8.484570384025573730e-01
8.437304645776748657e-01
8.341796845197677612e-01
8.389843702316284180e-01
8.474023491144180298e-01
8.199999928474426270e-01
7.656054794788360596e-01
7.661523520946502686e-01
7.368554770946502686e-01
7.374218851327896118e-01
6.768554672598838806e-01
6.747265607118606567e-01
6.928320303559303284e-01
6.754296794533729553e-01
6.810742020606994629e-01
6.749609187245368958e-01
6.792968660593032837e-01
6.806640550494194031e-01
6.920898407697677612e-01
6.921679899096488953e-01
6.804296895861625671e-01
6.763867139816284180e-01
6.883593574166297913e-01
6.815234273672103882e-01
6.798437386751174927e-01
6.787500008940696716e-01
6.745898425579071045e-01
6.774218678474426270e-01
6.883203014731407166e-01
6.885156184434890747e-01
7.007422000169754028e-01
7.168554812669754028e-01
7.283398509025573730e-01
7.300976514816284180e-01
7.314062416553497314e-01
7.408398389816284180e-01
7.558788955211639404e-01
7.513085901737213135e-01
7.630468606948852539e-01
7.517382800579071045e-01
7.421875149011611938e-01
7.266796976327896118e-01
7.329492270946502686e-01
7.250976562500000000e-01
7.139062508940696716e-01
7.195898443460464478e-01
7.067968696355819702e-01
6.814062520861625671e-01
6.822656095027923584e-01
6.759960725903511047e-01
6.769140437245368958e-01
6.672070249915122986e-01
6.723632887005805969e-01
6.579492241144180298e-01
6.473437473177909851e-01
6.405664011836051941e-01
6.696679666638374329e-01
6.877148523926734924e-01
6.792382895946502686e-01
6.746679693460464478e-01
6.769140660762786865e-01
6.795507743954658508e-01
6.815429702401161194e-01
6.916210800409317017e-01
6.968359202146530151e-01
6.974023431539535522e-01
7.020312547683715820e-01
7.202148437500000000e-01
7.232226580381393433e-01
7.232421934604644775e-01
7.158593833446502686e-01
6.757617220282554626e-01
6.753125116229057312e-01
7.367578148841857910e-01
7.438476532697677612e-01
7.610937356948852539e-01
7.651171833276748657e-01
7.664648443460464478e-01
7.822070270776748657e-01
7.978125065565109253e-01
7.892773449420928955e-01
7.791992127895355225e-01
7.822070270776748657e-01
7.834570258855819702e-01
7.854101508855819702e-01
7.892773449420928955e-01
7.842968702316284180e-01
7.801171839237213135e-01
7.572851628065109253e-01
7.341406196355819702e-01
7.228124961256980896e-01
7.228124961256980896e-01
7.136914059519767761e-01
7.303515523672103882e-01
7.228515446186065674e-01
7.228515446186065674e-01
7.141210958361625671e-01
7.173828110098838806e-01
7.246679663658142090e-01
7.270507663488388062e-01
7.256835848093032837e-01
7.241992056369781494e-01
7.404101490974426270e-01
7.608984410762786865e-01
7.602929770946502686e-01
7.602929770946502686e-01
7.633593827486038208e-01
7.625390738248825073e-01
7.541992217302322388e-01
7.474414110183715820e-01
7.581835985183715820e-01
7.581054717302322388e-01
7.628515660762786865e-01
7.605273574590682983e-01
7.579687684774398804e-01
7.762304842472076416e-01
7.920898497104644775e-01
8.030468821525573730e-01
8.148828148841857910e-01
8.250195235013961792e-01
8.302929699420928955e-01
8.126757889986038208e-01
8.058984428644180298e-01
8.158593773841857910e-01
8.038867115974426270e-01
7.940624952316284180e-01
7.938085943460464478e-01
8.008398413658142090e-01
8.115234076976776123e-01
8.092187345027923584e-01
7.931835949420928955e-01
7.913281321525573730e-01
7.789453268051147461e-01
7.733593732118606567e-01
7.673242092132568359e-01
7.625195533037185669e-01
7.719921916723251343e-01
7.848632782697677612e-01
7.984375059604644775e-01
8.064257800579071045e-01
8.409374952316284180e-01
8.499023467302322388e-01
8.567773550748825073e-01
8.714257925748825073e-01
8.847265839576721191e-01
8.710156083106994629e-01
8.491406291723251343e-01
8.349609524011611938e-01
8.054297119379043579e-01
7.892382889986038208e-01
8.024023324251174927e-01
7.873437404632568359e-01
7.797265648841857910e-01
7.514257729053497314e-01
7.390429526567459106e-01
6.938281282782554626e-01
7.069726735353469849e-01
6.736914142966270447e-01
6.459960788488388062e-01
6.438671797513961792e-01
5.238281264901161194e-01
5.062695369124412537e-01
4.574218764901161194e-01
4.387695342302322388e-01
4.429296925663948059e-01
4.454492256045341492e-01
4.482031241059303284e-01
4.752343818545341492e-01
5.365820378065109253e-01
5.530273467302322388e-01
5.663281232118606567e-01
