8.548579432747580586e-01
8.987357941540804473e-01
9.099715839732777090e-01
9.157670302824540975e-01
9.245738549665971640e-01
9.080965844067659942e-01
9.093039794401689413e-01
9.269886341961947052e-01
9.306818138469349355e-01
9.276136268268931895e-01
9.270596504211425781e-01
9.432528344067659942e-01
9.579545259475708008e-01
9.689062291925604198e-01
9.681391824375499278e-01
9.652414538643576680e-01
9.468181566758588907e-01
9.468181566758588907e-01
9.423295259475708008e-01
9.261931722814386037e-01
9.170312339609320018e-01
9.156391945752230255e-01
9.022301218726418437e-01
8.454261367971246388e-01
8.512215939435091583e-01
8.590198972008444844e-01
8.609375086697664825e-01
8.564062443646517364e-01
8.684374960986050995e-01
8.670028339732777090e-01
8.611363714391534474e-01
8.624431761828336152e-01
8.651988614689219981e-01
8.631818186153065176e-01
8.491193164478648692e-01
8.491335240277376739e-01
8.224715861407193573e-01
8.237784017216075449e-01
8.161079450087114218e-01
8.319034034555609081e-01
8.419886393980546835e-01
8.374573967673561992e-01
8.430539803071455118e-01
8.387784090909090606e-01
8.176278417760675099e-01
8.069602142680775136e-01
8.111363540996204824e-01
8.157812356948852539e-01
8.250852173024957326e-01
8.290198716250333222e-01
8.318891958756879923e-01
8.294318155808881876e-01
8.108238632028753612e-01
7.825994274832985820e-01
8.006676001982255819e-01
8.074147484519265117e-01
8.129829276691783457e-01
8.064346421848643809e-01
8.069460175254128398e-01
8.075000047683715820e-01
8.131676045331087677e-01
8.006818077780983867e-01
7.958806753158569336e-01
8.069744218479503184e-01
8.165624791925604198e-01
8.302414634011008321e-01
8.341335166584361582e-01
8.447159203616055878e-01
8.473295623605902049e-01
8.249716108495538380e-01
8.390198837627064199e-01
8.484659194946289062e-01
8.577414751052856445e-01
8.582528396086259725e-01
8.528125069358132304e-01
8.477414738048206777e-01
8.346874930641867696e-01
8.387784090909090606e-01
8.400284051895141602e-01
8.180397748947143555e-01
7.715625112706964162e-01
7.740340991453691366e-01
7.501704692840576172e-01
7.534943277185613963e-01
6.728835214268077403e-01
6.816335157914594767e-01
6.893465844067659942e-01
6.742613532326438008e-01
6.749147556044838847e-01
6.743181727149269999e-01
6.779545328833840312e-01
6.770738580010153829e-01
6.856534047560258749e-01
6.873437599702314493e-01
6.843039826913313028e-01
6.774999932809309122e-01
6.893607865680347890e-01
6.834374882958151876e-01
6.824573711915449259e-01
6.736079562794078379e-01
6.739488623358986796e-01
6.805965900421142578e-01
6.841903274709527638e-01
6.881107904694296895e-01
6.977841041304848613e-01
7.115340937267650157e-01
7.238210222937844218e-01
7.229829593138261679e-01
7.307244322516701640e-01
7.351420467550103810e-01
7.414772727272727071e-01
7.432528409090909394e-01
7.493607889522205801e-01
7.561789751052856445e-01
7.452556870200417460e-01
7.330255725167014180e-01
7.334801121191545370e-01
7.297727303071455118e-01
7.198721549727700175e-01
7.227556813846934824e-01
7.086363543163646250e-01
6.787073828957297383e-01
6.842045350508256796e-01
6.795028285546735880e-01
6.815624833106994629e-01
6.638352166522633047e-01
6.760085333477366953e-01
6.575426188382235138e-01
6.538494337688792735e-01
6.480823863636363535e-01
6.672585227272727071e-01
6.857244372367858887e-01
6.868607997894287109e-01
6.724431839856234161e-01
6.716619350693442403e-01
6.761647733775052460e-01
6.806392073631286621e-01
6.892329508608038280e-01
6.927414590662176463e-01
6.947159062732349843e-01
6.943465904756025431e-01
7.171022729440168497e-01
7.270738645033403280e-01
7.223295515233819630e-01
7.128267125649885294e-01
6.744318225167014180e-01
6.786931915716691854e-01
7.342187545516274394e-01
7.468181740153919668e-01
7.562499913302335175e-01
7.588210105895996094e-01
7.586789781397039745e-01
7.659090865742076426e-01
7.996875047683715820e-01
7.702272696928544882e-01
7.744460105895996094e-01
7.822443138469349355e-01
7.849005677483298360e-01
7.849005677483298360e-01
7.891051119024102833e-01
7.848295406861738321e-01
7.829971530220725118e-01
7.588068138469349355e-01
7.384516976096413554e-01
7.272443175315856934e-01
7.237784049727700175e-01
7.227556759660894725e-01
7.227556759660894725e-01
7.227556759660894725e-01
7.188920378684997559e-01
7.188920378684997559e-01
7.197159041057933360e-01
7.259232889522205801e-01
7.361079454421997070e-01
7.333522601561113241e-01
7.293465787714178417e-01
7.409943233836780996e-01
7.617187500000000000e-01
7.654545523903586446e-01
7.593892054124311564e-01
7.662642110477794199e-01
7.676704688505693319e-01
7.542755712162364512e-01
7.527414777062155782e-01
7.508664781397039745e-01
7.626704519445245412e-01
7.591619383205067129e-01
7.581676244735717773e-01
7.634091052142056855e-01
7.720596790313720703e-01
7.934090982783924551e-01
8.051420450210571289e-01
8.138778426430441915e-01
8.245028365742076426e-01
8.313352303071455118e-01
8.129971677606756542e-01
8.102272748947143555e-01
8.117329532449896190e-01
8.071022683923895213e-01
8.017613562670621308e-01
7.935227264057506114e-01
7.964488593014803497e-01
8.101988488977606151e-01
8.100994175130670216e-01
7.978977290066805450e-01
7.908238606019453165e-01
7.706250060688365489e-01
7.716477242383089630e-01
7.661647688258778066e-01
7.632102424448187206e-01
7.670880772850730001e-01
7.801562547683715820e-01
7.929403456774625214e-01
8.053835196928544882e-01
8.406249934976751659e-01
8.489630655808881876e-01
8.550994396209716797e-01
8.719034194946289062e-01
8.832528482783924551e-01
8.668181679465554179e-01
8.526278409090909394e-01
8.409233093261718750e-01
8.139204762198708476e-01
7.903977307406339081e-01
7.985369183800437032e-01
7.890625000000000000e-01
7.767045497894287109e-01
7.492187348279085723e-01
7.463494214144620331e-01
6.947585290128533986e-01
6.982954632152210683e-01
6.764630729501898143e-01
6.465056755326010762e-01
6.443039720708673146e-01
5.475994294339959767e-01
4.884232987057078867e-01
4.616477272727272929e-01
4.493465911258350820e-01
4.466619383205067129e-01
4.475852359424937754e-01
4.517755670980973526e-01
4.814914790066806005e-01
5.218323902650312540e-01
5.613494298674843730e-01
5.656818151473999023e-01
