8.566666444142659875e-01
9.011718630790710449e-01
9.206510384877523157e-01
9.309635162353515625e-01
9.280729095141092566e-01
9.136979182561238977e-01
9.027343789736429480e-01
9.081250031789144250e-01
9.114843805631002160e-01
9.027343789736429480e-01
9.296093781789144250e-01
9.288801948229471472e-01
9.667187333106994629e-01
9.572135210037231445e-01
9.545312126477559778e-01
9.611718455950418738e-01
9.513020515441894531e-01
9.425260225931803015e-01
9.442187349001566199e-01
9.256510337193807336e-01
9.380468527475992468e-01
9.127343495686849328e-01
8.929948012034097937e-01
8.543229301770528528e-01
8.461718757947286340e-01
8.607031305631002160e-01
8.709635535875955847e-01
8.547135194142659875e-01
8.628385464350382117e-01
8.824739654858907434e-01
8.680729269981384277e-01
8.637239734331766394e-01
8.615104158719381067e-01
8.623697757720947266e-01
8.377604087193807336e-01
8.405208388964334754e-01
8.224218686421712610e-01
8.205728928248087195e-01
8.104687531789144250e-01
8.250520825386047363e-01
8.352604111035665246e-01
8.422656257947286340e-01
8.485677043596903113e-01
8.358854055404663086e-01
8.311718702316284180e-01
8.032552003860473633e-01
8.102083206176757812e-01
8.140364289283752441e-01
8.176041444142659875e-01
8.277083237965902063e-01
8.360676964124044153e-01
8.295052250226339075e-01
8.069791793823242188e-01
7.930989662806192664e-01
8.050520618756612512e-01
8.102343479792276648e-01
8.111458023389180871e-01
8.104427059491475793e-01
8.050000071525573730e-01
8.078906337420145300e-01
8.078645865122476843e-01
8.077864448229471472e-01
8.077864448229471472e-01
8.125520547231038782e-01
8.154947559038797644e-01
8.223697741826375696e-01
8.387760321299234656e-01
8.501302202542623254e-01
8.413541913032531738e-01
8.274479309717813758e-01
8.291927178700765344e-01
8.618229230244954797e-01
8.653906186421712610e-01
8.530208269755045203e-01
8.442968726158142090e-01
8.418229023615518836e-01
8.329427043596903113e-01
8.347656130790710449e-01
8.449479142824808386e-01
8.233072757720947266e-01
7.552083532015482215e-01
7.496093908945719031e-01
7.362500131130218506e-01
7.160156369209289551e-01
6.866666674613952637e-01
6.796614527702331543e-01
7.007551987965902063e-01
6.688801944255828857e-01
6.784635285536447791e-01
6.659114460150400427e-01
6.823958158493041992e-01
6.795833210150400427e-01
6.919791698455810547e-01
6.902083456516265869e-01
6.771354178587595252e-01
6.715364456176757812e-01
6.837760309378305701e-01
6.800781190395355225e-01
6.841666499773660925e-01
6.777083277702331543e-01
6.728385388851165771e-01
6.745833257834116248e-01
6.879947682221730920e-01
6.906770765781402588e-01
6.980729301770528528e-01
7.206510504086812707e-01
7.310677170753479004e-01
7.314583261807759973e-01
7.300520737965902063e-01
7.448437412579854700e-01
7.655989527702331543e-01
7.548437515894571570e-01
7.655989527702331543e-01
7.484635512034097937e-01
7.352343996365865442e-01
7.235677242279052734e-01
7.200260559717813758e-01
7.168749968210855750e-01
7.157031297683715820e-01
7.248437404632568359e-01
7.023958365122476843e-01
6.815885504086812707e-01
6.832812428474426270e-01
6.864062249660491943e-01
6.709374785423278809e-01
6.611197888851165771e-01
6.682291726271311072e-01
6.505208412806192664e-01
6.470312476158142090e-01
6.465104122956594201e-01
6.627083321412404748e-01
6.909114718437194824e-01
6.804427206516265869e-01
6.739843785762786865e-01
6.782291730244954797e-01
6.789583265781402588e-01
6.820312539736429480e-01
6.958333154519399377e-01
6.968229015668233606e-01
6.997395753860473633e-01
6.997135480244954797e-01
7.208072940508524207e-01
7.163281242052713660e-01
7.225260535875955847e-01
7.091406385103861121e-01
6.764062543710073205e-01
6.800000170866647986e-01
7.391666769981384277e-01
7.494791746139526367e-01
7.696093718210855750e-01
7.721093694368997840e-01
7.749999960263570520e-01
7.812500000000000000e-01
7.967968781789144250e-01
7.903906305631002160e-01
7.859895825386047363e-01
7.859895825386047363e-01
7.859895825386047363e-01
7.859895825386047363e-01
7.885416746139526367e-01
7.819010416666666297e-01
7.767448027928670617e-01
7.688281337420145300e-01
7.321614424387613562e-01
7.330729166666666297e-01
7.095833321412404748e-01
7.097656230131784705e-01
7.342968583106994629e-01
7.258593638737996789e-01
7.249218622843424109e-01
7.205729087193807336e-01
7.205729087193807336e-01
7.223958174387613562e-01
7.261718710263570520e-01
7.257551948229471472e-01
7.233072916666666297e-01
7.471874952316284180e-01
7.635156313578287390e-01
7.635156313578287390e-01
7.591927250226339075e-01
7.591927250226339075e-01
7.591927250226339075e-01
7.524999976158142090e-01
7.420572837193807336e-01
7.564322948455810547e-01
7.586718797683715820e-01
7.635156313578287390e-01
7.654687563578287390e-01
7.623698115348815918e-01
7.789062658945719031e-01
7.949218750000000000e-01
8.071354230244954797e-01
8.089062571525573730e-01
8.328385353088378906e-01
8.319791555404663086e-01
8.036979238192240027e-01
7.985156377156575891e-01
8.125781416893005371e-01
8.038281202316284180e-01
7.923437555631002160e-01
7.931510408719381067e-01
8.078906138737996789e-01
8.107291460037231445e-01
8.138280908266702918e-01
7.941406170527139929e-01
7.906250158945719031e-01
7.764583627382913855e-01
7.729166547457376746e-01
7.633593678474426270e-01
7.599479357401529578e-01
7.734635472297668457e-01
7.877083420753479004e-01
7.988281250000000000e-01
8.061197996139526367e-01
8.385416666666666297e-01
8.540885448455810547e-01
8.555468916893005371e-01
8.771354357401529578e-01
8.795312841733297082e-01
8.575781186421712610e-01
8.527604142824808386e-01
8.329427242279052734e-01
7.981771032015482215e-01
7.849218845367431641e-01
8.065104087193807336e-01
7.823437452316284180e-01
7.707552115122476843e-01
7.529947956403096887e-01
7.349739472071329383e-01
6.943489611148834229e-01
6.824739774068196985e-01
6.797916690508524207e-01
6.431770622730255127e-01
6.415624916553497314e-01
5.115625063578287390e-01
5.115625063578287390e-01
4.531250000000000000e-01
4.302604198455810547e-01
4.418229262034098492e-01
4.466145932674407959e-01
4.457812507947285785e-01
4.749479194482167377e-01
5.501562555631002160e-01
5.523437559604644775e-01
5.695052146911621094e-01
