8.551855459809303284e-01
8.940039053559303284e-01
8.986425772309303284e-01
9.060839787125587463e-01
9.157128781080245972e-01
9.049706980586051941e-01
8.994238302111625671e-01
9.158788993954658508e-01
9.350585788488388062e-01
9.364355355501174927e-01
9.355078041553497314e-01
9.483984261751174927e-01
9.609472453594207764e-01
9.702538847923278809e-01
9.708007574081420898e-01
9.685741961002349854e-01
9.520116969943046570e-01
9.457519352436065674e-01
9.293847456574440002e-01
9.194628745317459106e-01
9.209277331829071045e-01
9.219726547598838806e-01
8.901171907782554626e-01
8.564648479223251343e-01
8.498144596815109253e-01
8.605175912380218506e-01
8.626953288912773132e-01
8.589843809604644775e-01
8.604003861546516418e-01
8.628613278269767761e-01
8.583886772394180298e-01
8.582324236631393433e-01
8.620800748467445374e-01
8.540820330381393433e-01
8.567675799131393433e-01
8.583007827401161194e-01
8.275781199336051941e-01
8.225292935967445374e-01
8.270410150289535522e-01
8.193359375000000000e-01
8.432226553559303284e-01
8.438086062669754028e-01
8.352929800748825073e-01
8.354589864611625671e-01
8.192578107118606567e-01
8.135937377810478210e-01
8.133886605501174927e-01
8.214843645691871643e-01
8.252246007323265076e-01
8.259472548961639404e-01
8.244921863079071045e-01
8.254785165190696716e-01
8.156054690480232239e-01
7.914257794618606567e-01
7.990820184350013733e-01
8.102441281080245972e-01
8.117480278015136719e-01
8.113574087619781494e-01
8.067968711256980896e-01
8.149023428559303284e-01
8.073046803474426270e-01
8.112792894244194031e-01
7.993749901652336121e-01
8.075976520776748657e-01
8.158886581659317017e-01
8.275195136666297913e-01
8.329199180006980896e-01
8.404980525374412537e-01
8.435644656419754028e-01
8.309375122189521790e-01
8.410546854138374329e-01
8.495312556624412537e-01
8.629589825868606567e-01
8.584667965769767761e-01
8.503711000084877014e-01
8.443652316927909851e-01
8.422070294618606567e-01
8.396972641348838806e-01
8.410644531250000000e-01
8.218554630875587463e-01
7.806933671236038208e-01
7.672754041850566864e-01
7.684570401906967163e-01
7.644433602690696716e-01
6.896777376532554626e-01
6.895898357033729553e-01
6.876562498509883881e-01
6.741601489484310150e-01
6.725390516221523285e-01
6.725683510303497314e-01
6.805468723177909851e-01
6.787304691970348358e-01
6.824804730713367462e-01
6.860351599752902985e-01
6.829492188990116119e-01
6.817675791680812836e-01
6.895214803516864777e-01
6.811328046023845673e-01
6.851171813905239105e-01
6.800878867506980896e-01
6.749316379427909851e-01
6.793164014816284180e-01
6.892773360013961792e-01
6.870605461299419403e-01
6.983105540275573730e-01
7.098925821483135223e-01
7.137988321483135223e-01
7.207031324505805969e-01
7.247656248509883881e-01
7.297949269413948059e-01
7.368359379470348358e-01
7.362988293170928955e-01
7.401367202401161194e-01
7.460156232118606567e-01
7.413867190480232239e-01
7.378027364611625671e-01
7.369433529675006866e-01
7.317382842302322388e-01
7.228906266391277313e-01
7.229687459766864777e-01
7.117382735013961792e-01
6.831542961299419403e-01
6.732812449336051941e-01
6.769042871892452240e-01
6.877441294491291046e-01
6.701660081744194031e-01
6.715039126574993134e-01
6.621777378022670746e-01
6.620898470282554626e-01
6.552636697888374329e-01
6.700585931539535522e-01
6.834570392966270447e-01
6.812011785805225372e-01
6.755371168255805969e-01
6.737500019371509552e-01
6.728417947888374329e-01
6.772167980670928955e-01
6.866210885345935822e-01
6.885156147181987762e-01
6.969238296151161194e-01
7.047167941927909851e-01
7.181054688990116119e-01
7.189062535762786865e-01
7.169824168086051941e-01
7.107910141348838806e-01
6.817480549216270447e-01
6.809863410890102386e-01
7.260253913700580597e-01
7.423828095197677612e-01
7.504394426941871643e-01
7.567480355501174927e-01
7.571386694908142090e-01
7.691308557987213135e-01
8.009082078933715820e-01
7.657324150204658508e-01
7.684179618954658508e-01
7.796972617506980896e-01
7.796972617506980896e-01
7.848339825868606567e-01
7.909472659230232239e-01
7.910058572888374329e-01
7.781542986631393433e-01
7.593359351158142090e-01
7.427832074463367462e-01
7.309082001447677612e-01
7.244335860013961792e-01
7.313085906207561493e-01
7.326660118997097015e-01
7.326660118997097015e-01
7.208496108651161194e-01
7.156738266348838806e-01
7.266992144286632538e-01
7.307226546108722687e-01
7.324218712747097015e-01
7.339355386793613434e-01
7.384081929922103882e-01
7.459765672683715820e-01
7.614160180091857910e-01
7.638378888368606567e-01
7.634472697973251343e-01
7.688281238079071045e-01
7.704980447888374329e-01
7.604003921151161194e-01
7.582226544618606567e-01
7.617675811052322388e-01
7.650390639901161194e-01
7.638574242591857910e-01
7.649902403354644775e-01
7.649707049131393433e-01
7.745312601327896118e-01
7.843750119209289551e-01
8.067773431539535522e-01
8.148925825953483582e-01
8.206835910677909851e-01
8.236425742506980896e-01
8.180175796151161194e-01
8.153320252895355225e-01
8.121093735098838806e-01
8.112792968750000000e-01
8.046386614441871643e-01
7.999413982033729553e-01
8.003320246934890747e-01
8.085156157612800598e-01
8.084765523672103882e-01
7.963476628065109253e-01
7.878613322973251343e-01
7.695312500000000000e-01
7.658203095197677612e-01
7.682226523756980896e-01
7.668847665190696716e-01
7.668750062584877014e-01
7.775488346815109253e-01
7.919140681624412537e-01
7.989257872104644775e-01
8.364062458276748657e-01
8.437890633940696716e-01
8.546191453933715820e-01
8.800586014986038208e-01
8.825292959809303284e-01
8.658984303474426270e-01
8.518945276737213135e-01
8.404003977775573730e-01
8.102636784315109253e-01
8.041894510388374329e-01
8.032226562500000000e-01
7.894824296236038208e-01
7.804980576038360596e-01
7.515136674046516418e-01
7.481542974710464478e-01
7.001367285847663879e-01
7.005371190607547760e-01
6.827050782740116119e-01
6.446386650204658508e-01
6.452441327273845673e-01
5.742187462747097015e-01
4.995996095240116119e-01
4.680078104138374329e-01
4.562304727733135223e-01
4.476074278354644775e-01
4.490429759025573730e-01
4.557714872062206268e-01
4.812402352690696716e-01
5.140917971730232239e-01
5.526562482118606567e-01
5.704199187457561493e-01
