8.517013788223266602e-01
9.019270737965902063e-01
9.130381875567965544e-01
9.223437309265136719e-01
9.291666613684760323e-01
9.110763867696126672e-01
9.172048568725585938e-01
9.227604203754000700e-01
9.210069444444444198e-01
9.233333269755045203e-01
9.187499947018094026e-01
9.404513835906982422e-01
9.567708174387613562e-01
9.685937298668755302e-01
9.670138623979356307e-01
9.626735846201578406e-01
9.548610846201578406e-01
9.524652560551961633e-01
9.389930433697171175e-01
9.272742933697171175e-01
9.294270674387613562e-01
9.237326251135932198e-01
8.964236179987589148e-01
8.533680571450127372e-01
8.505208359824286690e-01
8.532118135028414763e-01
8.631250063578287390e-01
8.575694428549872628e-01
8.668055534362792969e-01
8.730729156070284880e-01
8.622395859824286690e-01
8.585763904783461076e-01
8.668055534362792969e-01
8.656076325310601005e-01
8.402083317438761023e-01
8.482812510596381417e-01
8.186458216773139229e-01
8.253298468059964144e-01
8.167534669240316125e-01
8.291492991977267302e-01
8.406944407357109794e-01
8.375000026490952987e-01
8.463715314865112305e-01
8.388020727369520646e-01
8.195312420527139929e-01
8.076909648047553292e-01
8.144444359673393974e-01
8.114583094914754602e-01
8.222916523615518836e-01
8.248263729943169364e-01
8.313194380866156807e-01
8.310763968361748466e-01
8.122048642900254745e-01
7.884548637602064591e-01
8.021527661217583427e-01
8.078645600212944755e-01
8.123090002271864396e-01
8.069444364971585237e-01
8.075694508022732698e-01
8.043055666817559013e-01
8.089756833182440987e-01
7.968229055404663086e-01
7.993749909930758513e-01
8.099305364820692521e-01
8.177603880564371375e-01
8.268229034211900252e-01
8.380729092491997489e-01
8.451389074325561523e-01
8.471875190734863281e-01
8.271007140477498742e-01
8.363020817438761023e-01
8.515277836057875138e-01
8.584374984105428430e-01
8.533159626854790458e-01
8.516666756735907784e-01
8.461458285649617883e-01
8.288020822736952287e-01
8.389409648047553292e-01
8.457291656070284880e-01
8.226041661368476143e-01
7.715277936723496932e-01
7.702604267332289201e-01
7.413715389039781112e-01
7.433333396911621094e-01
6.771180563502841032e-01
6.814583275053236466e-01
6.915798584620157508e-01
6.740277674463059920e-01
6.781770653194851839e-01
6.770659618907504118e-01
6.751909653345743445e-01
6.788020796245999300e-01
6.896180510520935059e-01
6.902777949968973425e-01
6.813368068801032296e-01
6.764930486679077148e-01
6.924305425749884835e-01
6.834895743264092216e-01
6.816666523615518836e-01
6.761111087269253694e-01
6.748958296245999300e-01
6.773784690433077849e-01
6.861458222071329383e-01
6.863194372918870467e-01
6.993923717074923552e-01
7.136458423402574081e-01
7.291145854526095427e-01
7.248784701029459265e-01
7.339930534362792969e-01
7.449652751286824914e-01
7.521527740690443498e-01
7.495312425825331193e-01
7.627777655919393274e-01
7.543749941719902763e-01
7.398958471086289901e-01
7.297916809717813758e-01
7.272395888964334754e-01
7.283854219648573380e-01
7.196354137526618233e-01
7.198090288374159318e-01
7.039930489328172225e-01
6.813020838631523857e-01
6.840972105662027625e-01
6.746353970633612862e-01
6.772742867469787598e-01
6.612152722146775741e-01
6.759895947244431991e-01
6.560416685210334053e-01
6.492708325386047363e-01
6.431597206327650529e-01
6.691145830684237517e-01
6.860590378443399695e-01
6.815798679987589148e-01
6.740104158719381067e-01
6.750347283151414413e-01
6.792708304193284530e-01
6.814062529140048063e-01
6.898263759083218538e-01
6.946527626779344100e-01
6.957465277777777901e-01
7.004687521192762834e-01
7.175347275204129183e-01
7.272916634877523157e-01
7.225173711776733398e-01
7.149479256735907784e-01
6.783680584695603866e-01
6.787847346729702913e-01
7.358333402209811247e-01
7.462499936421712610e-01
7.574652698304917831e-01
7.608854108386569060e-01
7.671180566151937219e-01
7.745138804117838172e-01
7.981423669391207731e-01
7.807986074023776091e-01
7.807986074023776091e-01
7.814583248562283480e-01
7.817361089918348771e-01
7.875520785649617883e-01
7.875520785649617883e-01
7.853298584620157508e-01
7.828472190433077849e-01
7.590798669391207731e-01
7.378124925825331193e-01
7.232812444368997840e-01
7.234375013245476493e-01
7.151736087269253694e-01
7.289756801393296737e-01
7.171006798744201660e-01
7.171006798744201660e-01
7.165277732743157157e-01
7.175000045034620744e-01
7.250868082046508789e-01
7.270833253860473633e-01
7.312152650621202010e-01
7.245486047532823104e-01
7.390798595216538924e-01
7.583854198455810547e-01
7.611458433998955497e-01
7.622916698455810547e-01
7.622916698455810547e-01
7.637500100665621794e-01
7.567187547683715820e-01
7.496354182561238977e-01
7.579687568876478654e-01
7.579687568876478654e-01
7.589583396911621094e-01
7.585590415530734099e-01
7.588020960489908484e-01
7.779166830910576591e-01
7.958507008022732698e-01
8.032291730244954797e-01
8.133159743414984932e-01
8.283506896760728377e-01
8.311111132303873328e-01
8.133333391613430940e-01
8.068750037087334404e-01
8.171701431274414062e-01
8.071874909930758513e-01
7.989062468210855750e-01
7.943055497275458565e-01
8.027256859673393974e-01
8.134895563125610352e-01
8.074826267030503768e-01
7.932291693157620394e-01
7.873611185285780412e-01
7.761458423402574081e-01
7.765624920527139929e-01
7.661631902058919641e-01
7.621007098091973075e-01
7.670833402209811247e-01
7.785243060853745956e-01
7.971180544959174386e-01
8.051736089918348771e-01
8.426215251286824914e-01
8.494444423251681364e-01
8.554340336057875138e-01
8.738368219799466097e-01
8.874652915530734099e-01
8.689062330457899552e-01
8.502777814865112305e-01
8.376736243565877649e-01
8.100868331061469307e-01
7.952604293823242188e-01
8.007291555404663086e-01
7.887847158643934709e-01
7.750520838631523857e-01
7.516840166515774690e-01
7.408854034211900252e-01
6.906944447093539274e-01
7.039930688010321846e-01
6.757118105888366699e-01
6.442534592416551131e-01
6.447222166591219938e-01
5.376388894187079659e-01
4.953125052981906529e-01
4.563368095291985282e-01
4.425868060853745956e-01
4.464236166742112655e-01
4.456250071525573730e-01
4.518923627005683175e-01
4.761111140251159668e-01
5.313020878367953337e-01
5.515625013245476493e-01
5.639756917953491211e-01
