8.555882327696856526e-01
8.951654434204101562e-01
8.979687480365529106e-01
9.075827177833107884e-01
9.139154307982501058e-01
9.038051436929142035e-01
9.010569838916554497e-01
9.195312401827644422e-01
9.388786624459659613e-01
9.394393247716567030e-01
9.358731508255004883e-01
9.416452085270601291e-01
9.625091692980598523e-01
9.704319659401389186e-01
9.701286554336547852e-01
9.688510824652278863e-01
9.532628480125876491e-01
9.471874798045438748e-01
9.302205688813153239e-01
9.211672614602481879e-01
9.242830837474149686e-01
9.170220599454992350e-01
8.855514736736521675e-01
8.570404473473044460e-01
8.491819886600270317e-01
8.603125109392053549e-01
8.624908222871667807e-01
8.600367728401633327e-01
8.618566148421343831e-01
8.636121329139260228e-01
8.572334612117094021e-01
8.575735302532420112e-01
8.601930141448974609e-01
8.539154459448421441e-01
8.576930130229276639e-01
8.542922805337345160e-01
8.281158068600822375e-01
8.231801425709444064e-01
8.287040415932150905e-01
8.174540435566621799e-01
8.428676479003008870e-01
8.434467035181382188e-01
8.376286871293011638e-01
8.352941204519832574e-01
8.223988939734065973e-01
8.131525586633121527e-01
8.144117523642147027e-01
8.188970509697409694e-01
8.237867565716013862e-01
8.276562410242417345e-01
8.263511026606840115e-01
8.229136046241311009e-01
8.107077233931597737e-01
7.897150726879343940e-01
7.994117526447072075e-01
8.105055023642147027e-01
8.105514540391809408e-01
8.119668960571289062e-01
8.086121292675242378e-01
8.163970568600822375e-01
8.083639635759241049e-01
8.108915371053359022e-01
7.990441111957325981e-01
8.076194805257460585e-01
8.164797670700970622e-01
8.245312326094683675e-01
8.321599259096033041e-01
8.433639792835011528e-01
8.408639851738425319e-01
8.280514829299029378e-01
8.378033077015596408e-01
8.483915469225715711e-01
8.620772011139813396e-01
8.587040410322301920e-01
8.512959620531868055e-01
8.445772002725040473e-01
8.416452197467579888e-01
8.412499988780302029e-01
8.422977924346923828e-01
8.234374943901511257e-01
7.836029459448421441e-01
7.681342047803542128e-01
7.721231684965246256e-01
7.651746343163883246e-01
6.898621320724487305e-01
6.876194792635300646e-01
6.886121350176194200e-01
6.730330796802744819e-01
6.717187411644879313e-01
6.707720511099871663e-01
6.816452180638032932e-01
6.786488960770999945e-01
6.849816231166615532e-01
6.842095606467303304e-01
6.815992663888370551e-01
6.816911767510807074e-01
6.883639658198636990e-01
6.831433737979215604e-01
6.838051396257737169e-01
6.827297771678251248e-01
6.755055119009578668e-01
6.771415401907527887e-01
6.901378631591796875e-01
6.851746299687553332e-01
6.998805228401633327e-01
7.103033100857454318e-01
7.167095612077152289e-01
7.198713316636926596e-01
7.235386056058547011e-01
7.260202239541446723e-01
7.336764721309437798e-01
7.381617672303143474e-01
7.423621345968807184e-01
7.446231631671681450e-01
7.435569833306705512e-01
7.393014711492201796e-01
7.360845558783587483e-01
7.319485299727496175e-01
7.247610337593975993e-01
7.220680117607116699e-01
7.091911680558148356e-01
6.854595612077152289e-01
6.737040386480444010e-01
6.771874918657190268e-01
6.882169001242693929e-01
6.712132271598366673e-01
6.692555196145001384e-01
6.604779432801639594e-01
6.602205914609572401e-01
6.570955865523394612e-01
6.714613998637479764e-01
6.832077292835011528e-01
6.830606706002179118e-01
6.758180225596708279e-01
6.740257354343638374e-01
6.723713208647335016e-01
6.790257341721478435e-01
6.867003616164711888e-01
6.886580796802744819e-01
6.979319838916554497e-01
7.057077183442956869e-01
7.180330858511083658e-01
7.164613990222706841e-01
7.139613908879897108e-01
7.115441140006569798e-01
6.814705974915448161e-01
6.808364075772902479e-01
7.283455869730781629e-01
7.415624997195076062e-01
7.495588134316837348e-01
7.579963137121761285e-01
7.548345537746653511e-01
7.686305116204654730e-01
8.007536775925579997e-01
7.663051380830652182e-01
7.660661725436940239e-01
7.765992599375107774e-01
7.806066134396720813e-01
7.861948504167444174e-01
7.910753698909983589e-01
7.896507347331327420e-01
7.743198520996991130e-01
7.574356583987965630e-01
7.382628707324757622e-01
7.304779361276065863e-01
7.250827130149392064e-01
7.339062445303973226e-01
7.339613963575923883e-01
7.347426449551301975e-01
7.208915458006017740e-01
7.135294114842134494e-01
7.287591871093300755e-01
7.325459543396445339e-01
7.347058794077705457e-01
7.361948455081266385e-01
7.407352854223812066e-01
7.478768404792336399e-01
7.585661761900958089e-01
7.619209570043227187e-01
7.657261035021614148e-01
7.687775738099041911e-01
7.718566165250890787e-01
7.630055161083445503e-01
7.601746320724487305e-01
7.624540469225715711e-01
7.655330896377563477e-01
7.656066207324757622e-01
7.657720621894387181e-01
7.666636074290555936e-01
7.755239079980289496e-01
7.833639804054709499e-01
8.062040455201092692e-01
8.134375039268942897e-01
8.199356583987965630e-01
8.248805088155409804e-01
8.163786775925579997e-01
8.157077116124770155e-01
8.121599239461562147e-01
8.114705857108620579e-01
8.076194735134348823e-01
7.997702149783864067e-01
8.014705812229829807e-01
8.088786672143375434e-01
8.052021966261022623e-01
7.961580963695750190e-01
7.887040446786319770e-01
7.726654445423799533e-01
7.660845588235294379e-01
7.680606561548569688e-01
7.654687516829546956e-01
7.689522084067849095e-01
7.773069914649514134e-01
7.881433893652523004e-01
7.998805186327766492e-01
8.364889691857730902e-01
8.434375033659093912e-01
8.535937561708337729e-01
8.777481668135699300e-01
8.800735263263478325e-01
8.677941140006569798e-01
8.525091900545007650e-01
8.403216951033648519e-01
8.106801509857177734e-01
8.057169072768267659e-01
8.022610299727496175e-01
7.893566243788775472e-01
7.819209659800809842e-01
7.539981603622436523e-01
7.496231654111076281e-01
7.027114068760591525e-01
7.015349339036380805e-01
6.821507355746101453e-01
6.467095508294946615e-01
6.457996263223535482e-01
5.780422757653629340e-01
5.026194838916554497e-01
4.693014691857730902e-01
4.569852983250337619e-01
4.462959626141716485e-01
4.473161837633918281e-01
4.559191219946917562e-01
4.816084574250614203e-01
5.103033079820520346e-01
5.505698498557595189e-01
5.734558806699865396e-01
