8.685937523841857910e-01
8.994531035423278809e-01
9.360156059265136719e-01
9.293749928474426270e-01
9.360156059265136719e-01
9.217187762260437012e-01
9.258593916893005371e-01
9.039062261581420898e-01
9.039062261581420898e-01
9.039062261581420898e-01
9.039062261581420898e-01
9.460155963897705078e-01
9.460155963897705078e-01
9.280468225479125977e-01
9.280468225479125977e-01
9.525780677795410156e-01
9.359374642372131348e-01
9.528124928474426270e-01
9.528124928474426270e-01
9.528124928474426270e-01
9.432812333106994629e-01
9.432812333106994629e-01
8.357031345367431641e-01
8.485937714576721191e-01
8.714843988418579102e-01
8.788281679153442383e-01
8.696094155311584473e-01
8.428906202316284180e-01
8.598437309265136719e-01
8.853906393051147461e-01
8.847656250000000000e-01
8.428906202316284180e-01
8.853906393051147461e-01
8.531249761581420898e-01
8.354687094688415527e-01
8.354687094688415527e-01
8.181250095367431641e-01
8.051562309265136719e-01
7.881249785423278809e-01
8.321875333786010742e-01
8.351562619209289551e-01
8.444530963897705078e-01
8.592187166213989258e-01
8.349999785423278809e-01
8.224218487739562988e-01
7.699218988418579102e-01
8.051562309265136719e-01
8.171093463897705078e-01
8.103124499320983887e-01
8.393750190734863281e-01
8.551562428474426270e-01
8.410156369209289551e-01
7.913281321525573730e-01
8.019531369209289551e-01
8.114062547683715820e-01
8.187499642372131348e-01
8.148437142372131348e-01
8.256250023841857910e-01
8.086718916893005371e-01
7.941406369209289551e-01
7.950781583786010742e-01
7.976562380790710449e-01
7.976562380790710449e-01
7.976562380790710449e-01
8.182030916213989258e-01
8.138281106948852539e-01
8.568750023841857910e-01
8.488281369209289551e-01
8.411719202995300293e-01
8.185937404632568359e-01
8.136718869209289551e-01
8.493750095367431641e-01
8.913280963897705078e-01
8.637499809265136719e-01
8.600780963897705078e-01
8.532812595367431641e-01
8.397656083106994629e-01
8.552343249320983887e-01
8.717187643051147461e-01
7.986718416213989258e-01
7.360937595367431641e-01
6.844531297683715820e-01
6.774218976497650146e-01
6.691406369209289551e-01
6.769531071186065674e-01
6.889062225818634033e-01
6.960155963897705078e-01
6.706250011920928955e-01
6.771093606948852539e-01
6.530468463897705078e-01
7.009375095367431641e-01
6.624218523502349854e-01
6.920312643051147461e-01
6.794531345367431641e-01
6.624218523502349854e-01
6.741406023502349854e-01
6.846875250339508057e-01
6.729687452316284180e-01
6.863281130790710449e-01
6.815624833106994629e-01
6.734375059604644775e-01
6.829687356948852539e-01
6.758593618869781494e-01
6.877343654632568359e-01
6.835937500000000000e-01
7.105469107627868652e-01
7.410937547683715820e-01
7.417968511581420898e-01
7.503905892372131348e-01
7.626562118530273438e-01
7.600781321525573730e-01
7.717187404632568359e-01
7.663281559944152832e-01
7.663281559944152832e-01
7.532031536102294922e-01
7.171093821525573730e-01
7.260156273841857910e-01
7.296874523162841797e-01
7.321093678474426270e-01
7.321093678474426270e-01
6.889843940734863281e-01
6.928906440734863281e-01
6.851562559604644775e-01
6.749999821186065674e-01
6.945312023162841797e-01
6.596093773841857910e-01
6.741406023502349854e-01
6.504687666893005371e-01
6.486718654632568359e-01
6.398437321186065674e-01
6.250000000000000000e-01
6.831250190734863281e-01
6.745312511920928955e-01
6.798437535762786865e-01
6.699999868869781494e-01
6.788281202316284180e-01
6.783593893051147461e-01
7.003905773162841797e-01
6.877343654632568359e-01
6.985155940055847168e-01
7.079687714576721191e-01
7.089843750000000000e-01
7.184374928474426270e-01
7.253906726837158203e-01
7.105469107627868652e-01
6.539843678474426270e-01
6.814843714237213135e-01
7.589843869209289551e-01
7.751562595367431641e-01
7.680468559265136719e-01
7.729687690734863281e-01
7.760155797004699707e-01
7.824218869209289551e-01
8.016406297683715820e-01
7.979687452316284180e-01
7.895312309265136719e-01
7.878124713897705078e-01
7.751562595367431641e-01
7.751562595367431641e-01
7.751562595367431641e-01
7.853125333786010742e-01
7.624999880790710449e-01
7.624999880790710449e-01
7.624999880790710449e-01
7.182031273841857910e-01
7.182031273841857910e-01
7.182031273841857910e-01
7.321093678474426270e-01
7.321093678474426270e-01
7.199999690055847168e-01
7.154687047004699707e-01
7.138280868530273438e-01
7.261718511581420898e-01
7.353125214576721191e-01
7.251562476158142090e-01
7.170312404632568359e-01
7.443749904632568359e-01
7.644531130790710449e-01
7.644531130790710449e-01
7.644531130790710449e-01
7.687500119209289551e-01
7.490625381469726562e-01
7.262499928474426270e-01
7.624999880790710449e-01
7.624999880790710449e-01
7.624999880790710449e-01
7.577343583106994629e-01
7.620312571525573730e-01
7.635937929153442383e-01
7.795312404632568359e-01
7.978906035423278809e-01
7.971875071525573730e-01
8.208593726158142090e-01
8.456249833106994629e-01
8.246874809265136719e-01
7.930468916893005371e-01
7.871875166893005371e-01
7.897656559944152832e-01
7.897656559944152832e-01
7.913281321525573730e-01
7.767968773841857910e-01
8.028125166893005371e-01
8.229687213897705078e-01
8.064061999320983887e-01
7.897656559944152832e-01
7.941406369209289551e-01
7.992187738418579102e-01
7.821093797683715820e-01
7.599218487739562988e-01
7.512500286102294922e-01
7.646874785423278809e-01
7.974999547004699707e-01
8.125000000000000000e-01
8.082031607627868652e-01
8.490625023841857910e-01
8.604687452316284180e-01
8.585937619209289551e-01
8.822656273841857910e-01
8.664844036102294922e-01
8.718749880790710449e-01
8.550781011581420898e-01
8.346093893051147461e-01
7.947656512260437012e-01
7.906250357627868652e-01
7.840625047683715820e-01
8.051562309265136719e-01
7.640624642372131348e-01
7.570312619209289551e-01
7.153124809265136719e-01
6.875781118869781494e-01
6.950781345367431641e-01
6.811718940734863281e-01
6.368749737739562988e-01
6.433593630790710449e-01
4.953906238079071045e-01
5.049999952316284180e-01
4.130468666553497870e-01
4.237500131130218506e-01
4.517968893051147461e-01
4.465624988079071045e-01
4.392968714237213135e-01
4.697656333446502686e-01
5.530468821525573730e-01
5.620312690734863281e-01
5.557031333446502686e-01
