8.699479103088378906e-01
9.041145642598470422e-01
9.272395769755045203e-01
9.240103960037231445e-01
9.284374713897705078e-01
9.250000317891439172e-01
9.216146071751912805e-01
9.131249984105428430e-01
9.131249984105428430e-01
9.131249984105428430e-01
9.131249984105428430e-01
9.507812261581420898e-01
9.403124650319417688e-01
9.403124650319417688e-01
9.446874459584554407e-01
9.446874459584554407e-01
9.499478737513223914e-01
9.579166571299234656e-01
9.448437293370565149e-01
9.628125031789144250e-01
9.497395753860473633e-01
9.067187309265136719e-01
8.714583317438761023e-01
8.602604468663533899e-01
8.605729341506958008e-01
8.654687801996866492e-01
8.898958762486776086e-01
8.576562404632568359e-01
8.726041714350382117e-01
8.772916793823242188e-01
8.772916793823242188e-01
8.720833460489908484e-01
8.697916666666666297e-01
8.482812245686849328e-01
8.366666237513223914e-01
8.392187356948852539e-01
8.280729055404663086e-01
8.134895563125610352e-01
8.013020753860473633e-01
8.326562643051147461e-01
8.418749968210855750e-01
8.431770801544189453e-01
8.533333142598470422e-01
8.308333158493041992e-01
8.333853880564371375e-01
7.900000015894571570e-01
7.959374984105428430e-01
8.108332951863607141e-01
8.063020308812459680e-01
8.282812436421712610e-01
8.504687547683715820e-01
8.398958444595336914e-01
7.934375206629434851e-01
7.952604293823242188e-01
8.044791618982950476e-01
8.151562213897705078e-01
8.093228737513223914e-01
8.173437515894571570e-01
8.041666746139526367e-01
8.038020928700765344e-01
8.092708587646484375e-01
7.961458365122476843e-01
8.032812277475992468e-01
8.032812277475992468e-01
8.141666253407796594e-01
8.229166666666666297e-01
8.517708381017049524e-01
8.575520912806192664e-01
8.427083492279052734e-01
8.305729230244954797e-01
8.226562738418579102e-01
8.528645833333333703e-01
8.829166491826375696e-01
8.533854087193807336e-01
8.524479071299234656e-01
8.491666714350382117e-01
8.431770801544189453e-01
8.476041158040364953e-01
8.578125238418579102e-01
8.091666301091512414e-01
7.348437706629434851e-01
7.175000111262003211e-01
7.128125230471292761e-01
6.708333492279052734e-01
6.781770785649617883e-01
6.732812325159708289e-01
6.995312372843424109e-01
6.780208150545755652e-01
6.727083325386047363e-01
6.615103880564371375e-01
6.882291634877523157e-01
6.776041388511657715e-01
6.877604325612386438e-01
6.946354309717813758e-01
6.625520586967468262e-01
6.824999849001566199e-01
6.773958404858907434e-01
6.846354007720947266e-01
6.935416460037231445e-01
6.772916515668233606e-01
6.672916611035665246e-01
6.866145928700765344e-01
6.865624785423278809e-01
6.878124872843424109e-01
6.839583317438761023e-01
7.130729357401529578e-01
7.473437388737996789e-01
7.478124698003133508e-01
7.396353880564371375e-01
7.478124698003133508e-01
7.660416762034097937e-01
7.660416762034097937e-01
7.653125127156575891e-01
7.683333555857340125e-01
7.536979516347249719e-01
7.208854357401529578e-01
7.291666666666666297e-01
7.316145499547322961e-01
7.292708158493041992e-01
7.304166555404663086e-01
6.948437690734863281e-01
6.831770936648050574e-01
6.834895809491475793e-01
6.809374690055847168e-01
6.848957935969034461e-01
6.610416769981384277e-01
6.707291603088378906e-01
6.539062658945719031e-01
6.519791682561238977e-01
6.401562293370565149e-01
6.302604079246520996e-01
6.888541777928670617e-01
6.833854317665100098e-01
6.732291777928670617e-01
6.807291706403096887e-01
6.734895706176757812e-01
6.872396071751912805e-01
6.988541285196939734e-01
6.964062452316284180e-01
6.920833190282186242e-01
7.015104293823242188e-01
7.126041650772094727e-01
7.169791460037231445e-01
7.229687770207723352e-01
7.142187754313150672e-01
6.625000039736429480e-01
6.808333396911621094e-01
7.448958555857340125e-01
7.683333555857340125e-01
7.713541587193807336e-01
7.738020817438761023e-01
7.766666412353515625e-01
7.861979405085245398e-01
8.026562531789144250e-01
7.909375031789144250e-01
7.841666539510091516e-01
7.890104055404663086e-01
7.841666539510091516e-01
7.805729309717813758e-01
7.813541889190673828e-01
7.813541889190673828e-01
7.729166746139526367e-01
7.622395753860473633e-01
7.507812579472860071e-01
7.300520737965902063e-01
7.153645753860473633e-01
7.164583206176757812e-01
7.292708158493041992e-01
7.304166555404663086e-01
7.228124936421712610e-01
7.194270690282186242e-01
7.135416269302368164e-01
7.206770579020181922e-01
7.330208619435628625e-01
7.257812420527139929e-01
7.177083094914754602e-01
7.339062293370565149e-01
7.667187452316284180e-01
7.664062579472860071e-01
7.664062579472860071e-01
7.647916873296102258e-01
7.551041841506958008e-01
7.412499984105428430e-01
7.498958110809326172e-01
7.622395753860473633e-01
7.622395753860473633e-01
7.622395753860473633e-01
7.631770769755045203e-01
7.635937929153442383e-01
7.774999936421712610e-01
7.908854087193807336e-01
8.007812500000000000e-01
8.093750079472860071e-01
8.381249904632568359e-01
8.347916603088378906e-01
8.195833365122476843e-01
7.945833603541055945e-01
8.116145928700765344e-01
7.991145849227905273e-01
7.934375206629434851e-01
7.784895896911621094e-01
8.112500111262003211e-01
8.161458174387613562e-01
8.136457999547322961e-01
7.926041682561238977e-01
7.969270944595336914e-01
7.867708603541055945e-01
7.709895769755045203e-01
7.584895690282186242e-01
7.579166889190673828e-01
7.665625015894571570e-01
7.839583158493041992e-01
8.059374888737996789e-01
8.026041984558105469e-01
8.399999936421712610e-01
8.552083174387613562e-01
8.598437706629434851e-01
8.811979293823242188e-01
8.630729516347249719e-01
8.410937388737996789e-01
8.499999841054280969e-01
8.276562690734863281e-01
7.980208396911621094e-01
7.862500349680582312e-01
7.996354103088378906e-01
7.930208047231038782e-01
7.705729007720947266e-01
7.423958381017049524e-01
7.209895849227905273e-01
7.025000055631002160e-01
6.928125222524007532e-01
6.861979166666666297e-01
6.483333110809326172e-01
6.402083237965902063e-01
5.044791698455810547e-01
5.125520825386047363e-01
4.176562428474426270e-01
4.219791690508524762e-01
4.406770865122477399e-01
4.443229238192240582e-01
4.408854047457377301e-01
4.716666738192240582e-01
5.504166682561238977e-01
5.549479325612386438e-01
5.865104198455810547e-01
