8.591145873069763184e-01
9.056249856948852539e-01
9.216145674387613562e-01
9.353645642598470422e-01
9.387760162353515625e-01
8.993489543596903113e-01
9.027343789736429480e-01
9.027343789736429480e-01
9.022135337193807336e-01
9.240885376930236816e-01
9.240885376930236816e-01
9.361979166666666297e-01
9.629687269528707239e-01
9.667187333106994629e-01
9.537499745686849328e-01
9.537499745686849328e-01
9.537499745686849328e-01
9.605728983879089355e-01
9.449739456176757812e-01
9.391406178474426270e-01
9.506510297457376746e-01
9.257812301317850379e-01
8.719010551770528528e-01
8.432291944821675989e-01
8.559635678927103308e-01
8.741927345593770715e-01
8.761718869209289551e-01
8.485937317212423059e-01
8.602083126703897742e-01
8.768750031789144250e-01
8.630468845367431641e-01
8.632552226384481164e-01
8.794791698455810547e-01
8.603906234105428430e-01
8.422656257947286340e-01
8.449999888737996789e-01
8.002083301544189453e-01
7.862239480018615723e-01
8.084895809491475793e-01
8.251302043596903113e-01
8.251302043596903113e-01
8.391666809717813758e-01
8.458333214124044153e-01
8.398958245913187293e-01
8.328124880790710449e-01
8.091926972071329383e-01
8.042187293370565149e-01
8.140364289283752441e-01
8.176041444142659875e-01
8.274218837420145300e-01
8.309114575386047363e-01
8.236718773841857910e-01
8.055729269981384277e-01
8.064843813578287390e-01
8.023176987965902063e-01
8.066666523615518836e-01
8.124999801317850379e-01
8.022395968437194824e-01
8.015885551770528528e-01
8.052864670753479004e-01
8.098698059717813758e-01
8.110937476158142090e-01
7.989062468210855750e-01
8.092447519302368164e-01
8.146353761355081824e-01
8.139062325159708289e-01
8.296354214350382117e-01
8.483593861262003211e-01
8.546614845593770715e-01
8.265364766120910645e-01
8.304687738418579102e-01
8.529947996139526367e-01
8.738020658493041992e-01
8.684895833333333703e-01
8.658072749773660925e-01
8.469010591506958008e-01
8.368749817212423059e-01
8.397395610809326172e-01
8.381770650545755652e-01
7.911197940508524207e-01
7.713541785875955847e-01
7.250000139077504846e-01
6.892968813578287390e-01
6.892968813578287390e-01
6.850000023841857910e-01
6.828385392824808386e-01
6.899479031562805176e-01
6.837499837080637244e-01
6.719010273615518836e-01
6.683593690395355225e-01
6.879947980244954797e-01
6.796874900658925744e-01
6.926822861035665246e-01
6.964323123296102258e-01
6.770312488079071045e-01
6.828906138737996789e-01
6.819010277589162561e-01
6.746614575386047363e-01
6.860416531562805176e-01
6.799218753973642615e-01
6.668229202429453162e-01
6.757812500000000000e-01
6.900780995686849328e-01
7.012499968210855750e-01
6.971354087193807336e-01
6.951823035875955847e-01
7.257812420527139929e-01
7.314583261807759973e-01
7.347916563351949426e-01
7.394531170527139929e-01
7.655989527702331543e-01
7.580729126930236816e-01
7.554166714350382117e-01
7.548437515894571570e-01
7.357552250226339075e-01
7.050000131130218506e-01
7.239062587420145300e-01
7.168749968210855750e-01
7.250781257947286340e-01
7.297916611035665246e-01
6.801302035649617883e-01
6.801302035649617883e-01
6.813020706176757812e-01
6.847395598888397217e-01
6.865624686082204553e-01
6.789062420527139929e-01
6.717187563578287390e-01
6.524479091167449951e-01
6.494270861148834229e-01
6.417968670527139929e-01
6.652864515781402588e-01
6.842968861262003211e-01
6.842968861262003211e-01
6.746614575386047363e-01
6.740885376930236816e-01
6.768750051657358435e-01
6.870573063691457483e-01
6.933333079020181922e-01
6.935155987739562988e-01
7.052864432334899902e-01
7.089323004086812707e-01
7.145312428474426270e-01
7.174739440282186242e-01
7.189062635103861121e-01
7.077083388964334754e-01
6.560677091280618933e-01
6.652604043483734131e-01
6.813801924387613562e-01
7.700781226158142090e-01
7.723177075386047363e-01
7.700781226158142090e-01
7.749999960263570520e-01
7.812760472297668457e-01
7.903646032015482215e-01
7.885416746139526367e-01
7.859895825386047363e-01
7.852343718210855750e-01
7.830468614896138879e-01
7.859895825386047363e-01
7.859895825386047363e-01
7.819010416666666297e-01
7.815364599227905273e-01
7.702343662579854700e-01
7.330729166666666297e-01
7.163802087306976318e-01
7.095833321412404748e-01
7.185156146685282019e-01
7.214062213897705078e-01
7.229166428248087195e-01
7.229166428248087195e-01
7.235416571299234656e-01
7.191406289736429480e-01
7.252603967984517785e-01
7.261718710263570520e-01
7.257812420527139929e-01
7.250781257947286340e-01
7.545833388964334754e-01
7.635156313578287390e-01
7.591927250226339075e-01
7.586718797683715820e-01
7.595573067665100098e-01
7.595573067665100098e-01
7.530208428700765344e-01
7.429687380790710449e-01
7.564322948455810547e-01
7.578645745913187293e-01
7.627083261807759973e-01
7.582291762034097937e-01
7.586458524068196985e-01
7.769531408945719031e-01
7.948698004086812707e-01
8.067708214124044153e-01
8.362760345141092566e-01
8.220833341280618933e-01
8.183593551317850379e-01
8.192447821299234656e-01
8.172916571299234656e-01
8.025781313578287390e-01
7.879427075386047363e-01
7.954427003860473633e-01
7.859896024068196985e-01
8.076562484105428430e-01
8.191145658493041992e-01
8.189843495686849328e-01
8.070312341054280969e-01
8.026823004086812707e-01
7.761198083559671668e-01
7.644270857175191614e-01
7.583072980244954797e-01
7.602604230244954797e-01
7.751041650772094727e-01
7.862760424613952637e-01
7.996614575386047363e-01
7.997135519981384277e-01
8.104166587193807336e-01
8.316406210263570520e-01
8.596354126930236816e-01
8.647135496139526367e-01
8.829166889190673828e-01
8.509114583333333703e-01
8.500781257947286340e-01
8.214583396911621094e-01
8.190104166666666297e-01
8.045052091280618933e-01
8.021093805631002160e-01
7.807291746139526367e-01
7.700260480244954797e-01
7.651822964350382117e-01
7.326041658719381067e-01
7.200781305631002160e-01
6.866666773955026892e-01
7.032291690508524207e-01
6.549218694368997840e-01
6.419270733992258338e-01
5.992708305517832068e-01
5.115625063578287390e-01
4.636718730131785260e-01
4.327343801657358990e-01
4.371614555517832623e-01
4.446354111035664691e-01
4.442968765894572125e-01
4.620572924613952637e-01
5.141927202542623254e-01
5.686197976271311072e-01
5.859114627043405799e-01
