8.624999962354961136e-01
8.990871655313592559e-01
9.054194061379683411e-01
9.092434205506977341e-01
9.164802588914570114e-01
9.059950552488628128e-01
8.976891354510658783e-01
9.151151305750796494e-01
9.330016374588012695e-01
9.346874889574552370e-01
9.378782761724371309e-01
9.504440646422537275e-01
9.607154444644325775e-01
9.697779417037963867e-01
9.690624789187782806e-01
9.674753076151797471e-01
9.553453734046534196e-01
9.426891301807603929e-01
9.342762984727558395e-01
9.257401165209317995e-01
9.226233457264146898e-01
9.123108575218602523e-01
8.858634986375507614e-01
8.613404725727281663e-01
8.569654728236951735e-01
8.615871793345400986e-01
8.605427742004394531e-01
8.566611879750302139e-01
8.620559165352269515e-01
8.616940724222283965e-01
8.588815802022030654e-01
8.587582299583836898e-01
8.671957191668058229e-01
8.560032781801725221e-01
8.579851953606856263e-01
8.574917755628886917e-01
8.237828894665366608e-01
8.136677553779200212e-01
8.149835498709427917e-01
8.133141367059004700e-01
8.278371723074662292e-01
8.350082259429129072e-01
8.392598691739534544e-01
8.387664493761564088e-01
8.211266429800736510e-01
8.097697308188990251e-01
8.113157811917757201e-01
8.130427536211515260e-01
8.268996602610537705e-01
8.280263072565982041e-01
8.262911093862432832e-01
8.298601978703549209e-01
8.243174301950555449e-01
8.018092105263158187e-01
7.987993328194868958e-01
8.072861746737831634e-01
8.067269638965004486e-01
8.059128209164267975e-01
8.143338780654104658e-01
8.141282859601473021e-01
8.119983484870508805e-01
8.098930873368915817e-01
8.034786174171849593e-01
8.081249939767938262e-01
8.215295892012747236e-01
8.254193945934897858e-01
8.333881591495714281e-01
8.407483665566695130e-01
8.487500140541478499e-01
8.337088948801943955e-01
8.455345442420557633e-01
8.497121773268047074e-01
8.528536118959125778e-01
8.553289426000494355e-01
8.565625015058015990e-01
8.458963820808812484e-01
8.376480215474179092e-01
8.359292745590209961e-01
8.428947360892045104e-01
8.200986699054115814e-01
7.786842114047000107e-01
7.623602026387265029e-01
7.634375032625699831e-01
7.455263231929979417e-01
6.904276295712119538e-01
6.745476879571613571e-01
6.758305869604411820e-01
6.679358482360839844e-01
6.716858493654351836e-01
6.725657801879080244e-01
6.835197367166218063e-01
6.817927674243324798e-01
6.890131580202203398e-01
6.853453987523129287e-01
6.793338876021536299e-01
6.778207170335870391e-01
6.871217081421300277e-01
6.850493362075403825e-01
6.838815714183607009e-01
6.829687482432315049e-01
6.755345401011014772e-01
6.776069026244314619e-01
6.879605180338809189e-01
6.910444090240880355e-01
7.069819004912125671e-01
7.099013171697917679e-01
7.179852033916273024e-01
7.179852033916273024e-01
7.204029622830843138e-01
7.273601983722887132e-01
7.359128312060707611e-01
7.359128312060707611e-01
7.424671022515547669e-01
7.394819071418360368e-01
7.397039501290572083e-01
7.313075661659240723e-01
7.337582205471239183e-01
7.295230219238683089e-01
7.265707223038924134e-01
7.246628278180172744e-01
6.977549289402208421e-01
6.776726967410037217e-01
6.756414394629629561e-01
6.798355140184101364e-01
6.826233456009312972e-01
6.742105264412728838e-01
6.714884889753240937e-01
6.601973709307218385e-01
6.600904621576008102e-01
6.606249997490331038e-01
6.705509894772579971e-01
6.830016531442341110e-01
6.837500114189950517e-01
6.818832315896686813e-01
6.736595411049691728e-01
6.771875023841857910e-01
6.817187510038676956e-01
6.878865047505027253e-01
6.940460393303319320e-01
7.045888053743463164e-01
7.006990093933908037e-01
7.140296007457532790e-01
7.118256594005384352e-01
7.138404595224481231e-01
7.022450691775271592e-01
6.791529686827408874e-01
6.754523045138308701e-01
6.998190848450911439e-01
7.421381599024722275e-01
7.531167707945171097e-01
7.567187484941984010e-01
7.615707234332436126e-01
7.759128307041368577e-01
7.868256631650423216e-01
7.735032847053125993e-01
7.697203912233051559e-01
7.862417760648225951e-01
7.862417760648225951e-01
7.874424332066586318e-01
7.871792755628886917e-01
7.868914478703549209e-01
7.799671009967201751e-01
7.650082236842105088e-01
7.474095350817629990e-01
7.268667723003187087e-01
7.273848684210526550e-01
7.321710523806119753e-01
7.321710523806119753e-01
7.332401307005631530e-01
7.187253299512361693e-01
7.172779660475882002e-01
7.288157877169156862e-01
7.330509832030848161e-01
7.352796071454098525e-01
7.355345330740276077e-01
7.400740071346885163e-01
7.469901285673442581e-01
7.597861854653609193e-01
7.647532914814195726e-01
7.649424389788979095e-01
7.677138165423744720e-01
7.662006553850675417e-01
7.611430946149324583e-01
7.584703972465113297e-01
7.599835521296450791e-01
7.622532907285188841e-01
7.669078990032798249e-01
7.635444088986045319e-01
7.669243436110647627e-01
7.732154695611250794e-01
7.868667903699373412e-01
8.107236874730963105e-01
8.142023023806119753e-01
8.173684195468300384e-01
8.210937474903307054e-01
8.232894759429129072e-01
8.184539456116525225e-01
8.139555893446269730e-01
8.120148056431820693e-01
8.061184192958631423e-01
8.001644736842105088e-01
8.001315781944676742e-01
8.033305908504285719e-01
8.014062454825953141e-01
8.007236781873201537e-01
7.950904683062904876e-01
7.765625087838423646e-01
7.701480325899625612e-01
7.581496740642347243e-01
7.654440779435006670e-01
7.680263142836721846e-01
7.758470459988242585e-01
7.923190844686407441e-01
8.016447393517744935e-01
8.112746728094000215e-01
8.358963790692781615e-01
8.494243433600977555e-01
8.715296105334633392e-01
8.812993388426931807e-01
8.622861849634271270e-01
8.531332266958135957e-01
8.417105298293264815e-01
8.213733622902318343e-01
7.985197368421053099e-01
7.933717150437203935e-01
7.773108607844302353e-01
7.766776461350289873e-01
7.564473716836226380e-01
7.531578917252389482e-01
7.155180887172096771e-01
6.982565867273431426e-01
6.796299344614932236e-01
6.685115130324112975e-01
6.502467017424734541e-01
6.029605206690336061e-01
5.102302620285436019e-01
4.740296068944429009e-01
4.525000045174046304e-01
4.423930958697670501e-01
4.418421105334633392e-01
4.416694139179430656e-01
4.572944139179430656e-01
5.058470431127046751e-01
5.336513111465855941e-01
5.789391429800736510e-01
