8.605889357053316813e-01
8.908052811255822157e-01
9.149398895410391086e-01
9.128004679313073133e-01
9.236658536470853109e-01
9.117067226996788953e-01
8.967548058583185711e-01
9.110937485328087782e-01
9.316225877174963976e-01
9.382932644623976914e-01
9.338100873506985922e-01
9.491105629847600422e-01
9.551562345944918375e-01
9.697716144415048367e-01
9.679927642528827203e-01
9.670312221233661187e-01
9.530047820164606609e-01
9.486057483232938070e-01
9.285336366066565539e-01
9.297956595054039930e-01
9.104687433976393907e-01
9.100360503563513781e-01
8.765985690630399008e-01
8.543870357366708523e-01
8.555529025884774930e-01
8.600961611821100750e-01
8.612139591803917860e-01
8.487500044015737766e-01
8.628124915636502523e-01
8.647475884510920086e-01
8.596634589708768148e-01
8.651442344372088922e-01
8.667788413854745633e-01
8.628245041920588054e-01
8.508653824145977485e-01
8.485336487109844672e-01
8.134014331377469320e-01
8.111057648291954969e-01
8.141105725215032063e-01
8.092067241668701172e-01
8.226562463320218344e-01
8.390504855376023086e-01
8.352163388178899250e-01
8.397476031230046711e-01
8.234735543911273492e-01
8.117307607944195258e-01
8.082211384406456922e-01
8.079206576714148547e-01
8.248797930203951578e-01
8.254326857053316813e-01
8.312499981660109727e-01
8.261658686857956679e-01
8.215144230769231282e-01
8.081129789352416992e-01
8.062740289247952719e-01
8.064182538252610000e-01
8.105889283693753500e-01
8.054927862607516031e-01
8.085576937748835125e-01
8.086778934185321344e-01
8.049639371725229031e-01
8.031249963320218344e-01
8.013822115384615641e-01
8.048797937539907688e-01
8.228004620625422039e-01
8.250240270908062445e-01
8.340504811360285320e-01
8.450240538670465984e-01
8.521394454515897054e-01
8.307091456193190782e-01
8.360096216201782227e-01
8.527283668518066406e-01
8.583774016453669109e-01
8.599999959652240289e-01
8.607932695975670789e-01
8.448197108048659532e-01
8.386298051247229601e-01
8.352043261894812609e-01
8.466466298470129992e-01
8.136778794802151937e-01
7.656129827866187121e-01
7.484976053237915039e-01
7.434855882938091742e-01
7.463341401173517742e-01
6.797956778452947102e-01
6.722115324093744793e-01
6.722115324093744793e-01
6.656730725215032063e-01
6.656249899130600722e-01
6.752163355167095649e-01
6.858293230716998590e-01
6.832211567805364094e-01
6.904807640955998860e-01
6.863942421399630289e-01
6.837139496436486219e-01
6.801081666579613660e-01
6.857932576766381239e-01
6.837740311255822157e-01
6.862740287413964246e-01
6.797235562251164875e-01
6.713461554967440348e-01
6.792908631838284750e-01
6.861057602442227621e-01
6.912499941312350016e-01
7.031730734384976644e-01
7.136658613498394477e-01
7.175480860930222304e-01
7.266225998218243110e-01
7.246033686857956679e-01
7.365865432299100179e-01
7.396634633724505914e-01
7.366466338817889703e-01
7.418629756340613390e-01
7.448197053028986492e-01
7.394471168518066406e-01
7.264302923129155598e-01
7.250961569639352566e-01
7.224759642894451606e-01
7.171754791186406575e-01
7.246514329543480848e-01
7.019471113498394477e-01
6.768749952316284180e-01
6.790384558530954129e-01
6.838461389908423449e-01
6.845913300147423719e-01
6.761298087927011258e-01
6.691706776618957520e-01
6.558773976105910508e-01
6.594591324145977485e-01
6.594711542129516602e-01
6.684495164797856770e-01
6.818750088031475531e-01
6.793629893889794324e-01
6.809134666736309516e-01
6.792668287570660102e-01
6.774519269283001410e-01
6.832572130056527859e-01
6.935576796531677246e-01
6.950120054758511801e-01
7.034975840495183430e-01
7.058894267449011828e-01
7.064903882833627469e-01
7.076081771116989882e-01
7.148317327866187121e-01
7.112259635558495496e-01
6.697956782120925157e-01
6.714062599035409695e-01
6.961298080591055149e-01
7.626322141060462023e-01
7.643629771012526719e-01
7.643629771012526719e-01
7.677403871829693305e-01
7.821514514776376492e-01
7.857932769335232992e-01
7.866225976210373672e-01
7.786418199539184570e-01
7.849278816810021375e-01
7.849278816810021375e-01
7.846754789352416992e-01
7.861899045797494656e-01
7.812860562251164875e-01
7.810937533011803602e-01
7.749639382729163195e-01
7.381730675697326660e-01
7.227163406518789524e-01
7.256009532855107746e-01
7.277884529187128582e-01
7.277884529187128582e-01
7.277884529187128582e-01
7.180769214263329481e-01
7.142908619000361004e-01
7.251682694141681207e-01
7.257091311308053738e-01
7.327163402850811469e-01
7.327644091386061875e-01
7.336418170195359023e-01
7.451802858939537977e-01
7.635456690421471571e-01
7.574278849821823867e-01
7.593870254663320774e-01
7.636418250890878445e-01
7.636418250890878445e-01
7.551322075036855930e-01
7.502524027457604383e-01
7.539182717983539117e-01
7.590625011003934164e-01
7.638341371829693305e-01
7.592668349926288140e-01
7.625120328022882976e-01
7.733173186962420953e-01
7.945192410395696125e-01
8.127644245441143500e-01
8.167548087927011258e-01
8.169230772898747883e-01
8.182331690421471571e-01
8.190144208761361844e-01
8.130168272898747883e-01
8.104567252672635336e-01
8.104567252672635336e-01
8.003125007335956109e-01
7.964903941521277453e-01
7.974519271116989882e-01
8.089543122511643203e-01
8.098317201320941461e-01
7.983894164745624078e-01
7.968750091699453586e-01
7.788942410395696125e-01
7.668149104485144640e-01
7.594350943198571180e-01
7.613341349821823867e-01
7.671995254663320774e-01
7.814543338922353977e-01
7.947476001886221164e-01
8.029807714315561062e-01
8.061177913959209906e-01
8.314783664850088352e-01
8.486177921295166016e-01
8.749639437748835125e-01
8.778125047683715820e-01
8.561899020121648274e-01
8.499278838817889703e-01
8.366947174072265625e-01
8.187980835254375922e-01
7.901562544015737766e-01
8.039783697861891953e-01
7.890384655732375352e-01
7.733533749213585828e-01
7.543990428631122125e-01
7.485216305806086101e-01
7.187379782016460883e-01
6.882452001938452746e-01
6.858653838817889703e-01
6.741466292968163465e-01
6.472355677531316243e-01
5.939663419356713270e-01
5.121153822311987902e-01
4.716706780286935574e-01
4.442548109934880141e-01
4.386899058635418402e-01
4.470192331534165731e-01
4.453605780234703437e-01
4.607211580643287285e-01
5.043509694246145481e-01
5.564423020069415582e-01
5.750120190473703152e-01
