8.620572884877523157e-01
8.951171835263570520e-01
9.182161291440328332e-01
9.151041507720947266e-01
9.266666571299234656e-01
9.077994724114736291e-01
8.998828132947286340e-01
9.109114607175191614e-01
9.331510365009307861e-01
9.331510365009307861e-01
9.296614527702331543e-01
9.497265517711639404e-01
9.548046688238779334e-01
9.686197737852731970e-01
9.653254946072896692e-01
9.650780955950418738e-01
9.504557053248087195e-01
9.451171656449636194e-01
9.286458194255828857e-01
9.266015489896138879e-01
9.073046843210855750e-01
9.068359335263570520e-01
8.808984458446502686e-01
8.470052282015482215e-01
8.562109569708505896e-01
8.615234494209289551e-01
8.610026240348815918e-01
8.494921922683715820e-01
8.631119728088378906e-01
8.674479126930236816e-01
8.614062468210855750e-01
8.673567771911621094e-01
8.671744763851165771e-01
8.629687329133352014e-01
8.517838517824808386e-01
8.474869728088378906e-01
8.190104067325592041e-01
8.108854095141092566e-01
8.171614507834116248e-01
8.083333273728688928e-01
8.211197853088378906e-01
8.362500071525573730e-01
8.376432259877523157e-01
8.396354218324025842e-01
8.237890601158142090e-01
8.096484243869781494e-01
8.074609239896138879e-01
8.062760233879089355e-01
8.254036307334899902e-01
8.240885337193807336e-01
8.276041646798452112e-01
8.248828152815500525e-01
8.170572916666666297e-01
8.082812527815500525e-01
8.026301960150400427e-01
8.048437337080637244e-01
8.093098799387613562e-01
8.047395845254262658e-01
8.077213565508524207e-01
8.113411565621694299e-01
8.073177039623260498e-01
8.029947876930236816e-01
8.020312488079071045e-01
8.092187345027923584e-01
8.212369581063588830e-01
8.264453013737996789e-01
8.306380212306976318e-01
8.453906377156575891e-01
8.492187758286794397e-01
8.258333404858907434e-01
8.344010512034097937e-01
8.548177083333333703e-01
8.582552075386047363e-01
8.549479146798452112e-01
8.594140609105428430e-01
8.445572952429453162e-01
8.356901009877523157e-01
8.356901009877523157e-01
8.453645805517832068e-01
8.156380156675974158e-01
7.726953128973642615e-01
7.448047002156575891e-01
7.392968833446502686e-01
7.392968833446502686e-01
6.829427133003870276e-01
6.715494741996129724e-01
6.761718690395355225e-01
6.645052035649617883e-01
6.646484285593032837e-01
6.732161343097686768e-01
6.852473964293798181e-01
6.814973950386047363e-01
6.934374968210855750e-01
6.881901174783706665e-01
6.826822956403096887e-01
6.805208275715509680e-01
6.854296773672103882e-01
6.827343702316284180e-01
6.882291585206985474e-01
6.810416628917058679e-01
6.719661454359689978e-01
6.805729120969772339e-01
6.867447843154271814e-01
6.917968690395355225e-01
7.047135382890701294e-01
7.093489567438761023e-01
7.193359434604644775e-01
7.302473982175191614e-01
7.280598978201547888e-01
7.397395869096120569e-01
7.411067684491475793e-01
7.414322892824808386e-01
7.424088517824808386e-01
7.422656218210855750e-01
7.397916714350382117e-01
7.231770902872085571e-01
7.253906279802322388e-01
7.238020847241083411e-01
7.200130174557367591e-01
7.217187434434890747e-01
6.991276045640310022e-01
6.750130156675974158e-01
6.773567646741867065e-01
6.853645692269006995e-01
6.849348793427149085e-01
6.751432319482167932e-01
6.700520863135656091e-01
6.539973914623260498e-01
6.543880204359689978e-01
6.591015607118606567e-01
6.651562501986821863e-01
6.814974049727121619e-01
6.802213639020919800e-01
6.808072974284490320e-01
6.772135396798452112e-01
6.803776075442632409e-01
6.837630222241083411e-01
6.922656148672103882e-01
6.966406106948852539e-01
7.041015525658925744e-01
7.045833369096120569e-01
7.073828180631002160e-01
7.085677087306976318e-01
7.176041702429453162e-01
7.115234384934107092e-01
6.709375033775965003e-01
6.726823002099990845e-01
6.961197952429453162e-01
7.615625063578287390e-01
7.667838533719381067e-01
7.667838533719381067e-01
7.733984390894571570e-01
7.825000087420145300e-01
7.865364650885263709e-01
7.862239579359689978e-01
7.841145793596903113e-01
7.843880156675974158e-01
7.843880156675974158e-01
7.841145793596903113e-01
7.854427099227905273e-01
7.804427047570546838e-01
7.802343765894571570e-01
7.746874988079071045e-01
7.391015539566675452e-01
7.216276029745737342e-01
7.217968652645746497e-01
7.271484285593032837e-01
7.271484285593032837e-01
7.238150984048843384e-01
7.172135363022485999e-01
7.172135363022485999e-01
7.245703091224034997e-01
7.213541616996129724e-01
7.339062392711639404e-01
7.346874872843424109e-01
7.349479099114736291e-01
7.469791670640310022e-01
7.623177071412404748e-01
7.557161450386047363e-01
7.579296926657358435e-01
7.625390589237213135e-01
7.627994815508524207e-01
7.536067664623260498e-01
7.498046855131784705e-01
7.520052095254262658e-01
7.563671867052713660e-01
7.606380283832550049e-01
7.577994863192240027e-01
7.613151172796884802e-01
7.718099057674407959e-01
7.951953212420145300e-01
8.116666674613952637e-01
8.200911482175191614e-01
8.175520797570546838e-01
8.205729126930236816e-01
8.159374992052713660e-01
8.128776053587595252e-01
8.090234299500783655e-01
8.088151017824808386e-01
8.001302083333333703e-01
7.963932355244954797e-01
7.991536458333333703e-01
8.111718595027923584e-01
8.111718595027923584e-01
7.985025942325592041e-01
7.968619863192240027e-01
7.773828208446502686e-01
7.645703156789144250e-01
7.592447896798452112e-01
7.605598966280618933e-01
7.704817752043405799e-01
7.821224033832550049e-01
7.979036470254262658e-01
8.043619791666666297e-01
8.064453204472860071e-01
8.278515636920928955e-01
8.492057323455810547e-01
8.734505176544189453e-01
8.781510492165883752e-01
8.557812472184499475e-01
8.491927087306976318e-01
8.340234458446502686e-01
8.167447944482167932e-01
7.890755236148834229e-01
8.031640648841857910e-01
7.886458337306976318e-01
7.748307387034097937e-01
7.568750083446502686e-01
7.476171851158142090e-01
7.180208265781402588e-01
6.867187569538751868e-01
6.862239589293798181e-01
6.724999894698461267e-01
6.502343664566675452e-01
5.915624946355819702e-01
5.192187478144963952e-01
4.703125059604644775e-01
4.430859386920928955e-01
4.379427085320155011e-01
4.457942744096120014e-01
4.431770841280619488e-01
4.619140674670537128e-01
5.062630275885263709e-01
5.604817668596903113e-01
5.710937480131784705e-01
