8.598958320087857210e-01
9.005468686421712610e-01
9.049565924538506279e-01
9.101388851801553992e-01
9.187499947018094026e-01
9.074479076597425919e-01
8.943055470784505578e-01
9.168663157357109794e-01
9.342968662579854700e-01
9.400694304042391813e-01
9.375954733954535714e-01
9.483854042159186593e-01
9.597569306691488000e-01
9.703038003709580916e-01
9.703038003709580916e-01
9.696006708674960173e-01
9.528645608160231095e-01
9.434374835756089706e-01
9.311544961399502718e-01
9.223090145323011857e-01
9.202777677112154997e-01
9.093923634952969515e-01
8.871701492203606376e-01
8.598784870571560823e-01
8.577430711852179757e-01
8.608072996139526367e-01
8.598611222373114815e-01
8.557725747426351282e-01
8.620572884877523157e-01
8.616753419240316125e-01
8.588628504011366349e-01
8.603559070163302458e-01
8.642274273766411552e-01
8.596614466773139229e-01
8.573871519830491561e-01
8.584722214274935759e-01
8.225086728731790808e-01
8.127170072661505928e-01
8.147222201029459265e-01
8.109808961550394324e-01
8.257118066151937219e-01
8.338975707689920691e-01
8.372743063502841032e-01
8.393836816151937219e-01
8.202343715561760673e-01
8.080555465486314315e-01
8.098524212837219238e-01
8.123611013094583777e-01
8.273003366258409041e-01
8.281423515743679964e-01
8.278472158643934709e-01
8.316145870420668107e-01
8.234288162655301058e-01
7.996006939146254044e-01
7.984722124205695382e-01
8.075694375567965544e-01
8.073697818650139579e-01
8.075260321299234656e-01
8.144097195731269112e-01
8.150086800257364539e-01
8.104253411293029785e-01
8.097222182485792619e-01
8.034982615047030485e-01
8.088454802831014367e-01
8.221874833106994629e-01
8.237760265668233606e-01
8.338368071450127372e-01
8.394097354676988143e-01
8.496441112624274483e-01
8.307378623220655900e-01
8.434201412730746306e-01
8.506076468361748466e-01
8.523177040947808036e-01
8.589496480094062081e-01
8.568142387602064591e-01
8.463020854526095427e-01
8.360677030351426620e-01
8.360590272479586638e-01
8.426388899485269812e-01
8.220051924387613562e-01
7.785069445768991736e-01
7.585590349303351632e-01
7.609635459052191964e-01
7.476909789774153214e-01
6.862586802906460726e-01
6.711718671851687468e-01
6.769878433810340157e-01
6.669183969497680664e-01
6.717881891462538224e-01
6.721961696942647668e-01
6.846093734105428430e-01
6.829600731531778601e-01
6.875520845254262658e-01
6.870312558280097237e-01
6.801909771230485457e-01
6.798090206252204171e-01
6.861892309453752059e-01
6.846180525090959090e-01
6.840711732705434533e-01
6.831770804193284530e-01
6.763975686497158968e-01
6.770312454965379256e-01
6.859027677112154997e-01
6.904253462950388220e-01
7.086892293559180489e-01
7.100260423289405098e-01
7.159461842642890206e-01
7.188628514607747766e-01
7.235503494739532471e-01
7.307899329397413712e-01
7.375434041023254395e-01
7.375434041023254395e-01
7.404774294959174386e-01
7.408940990765889856e-01
7.415451407432556152e-01
7.292708324061499825e-01
7.322656214237213135e-01
7.271440923213958740e-01
7.245312498675452462e-01
7.250260412693023682e-01
6.982812417878044853e-01
6.749131911330752409e-01
6.744965215524038049e-01
6.795659595065646208e-01
6.864756842454274866e-01
6.732812490728166122e-01
6.702430546283721924e-01
6.599913206365373153e-01
6.617447932561238977e-01
6.609375013245476493e-01
6.722048653496636161e-01
6.826909813616011125e-01
6.836979289849599573e-01
6.829427182674407959e-01
6.726996534400515593e-01
6.759635441833071745e-01
6.809375021192762834e-01
6.900520755185021171e-01
6.932899157206217078e-01
7.015190886126624337e-01
7.002951370345221749e-01
7.128472195731269112e-01
7.123611105812920341e-01
7.135069436497158968e-01
7.013454867733849296e-01
6.790798703829447058e-01
6.759982672002580184e-01
6.994444496101803743e-01
7.473177115122476843e-01
7.524305515819125212e-01
7.582899265819125212e-01
7.634114556842379606e-01
7.794097264607747766e-01
7.867968810929192314e-01
7.760850654708014718e-01
7.702256904708014718e-01
7.867013878292508089e-01
7.867013878292508089e-01
7.862065964274935759e-01
7.889322903421189803e-01
7.869184017181396484e-01
7.834114564789665947e-01
7.630208333333333703e-01
7.456944419278038749e-01
7.284288141462538224e-01
7.254774305555555802e-01
7.299392355812920341e-01
7.358506951067183000e-01
7.313107616371579134e-01
7.164409756660461426e-01
7.151996559566922151e-01
7.273784677187601355e-01
7.314583294921450651e-01
7.332812514570024032e-01
7.331597175863053817e-01
7.379513846503363839e-01
7.465624941719902763e-01
7.606684035725064241e-01
7.631423605812920341e-01
7.634722259309556502e-01
7.691493034362792969e-01
7.691493034362792969e-01
7.593402796321444548e-01
7.566406263245476493e-01
7.589670154783461076e-01
7.649826407432556152e-01
7.654253509309556502e-01
7.627256976233588448e-01
7.670572929912142790e-01
7.714670234256320036e-01
7.882639037238227120e-01
8.126128514607747766e-01
8.147309025128682825e-01
8.188107609748840332e-01
8.214496506585015068e-01
8.214670154783461076e-01
8.200260400772094727e-01
8.137413197093539274e-01
8.104253477520413362e-01
8.059374954965379256e-01
8.002691004011366349e-01
7.993229164017571220e-01
8.045225673251681364e-01
8.027604089842902413e-01
8.004253440433077849e-01
7.937239673402574081e-01
7.768576476309034806e-01
7.701388928625318986e-01
7.571006947093539274e-01
7.656510406070284880e-01
7.683767345216538924e-01
7.749826444519890556e-01
7.933680613835653039e-01
8.004513912730746306e-01
8.096614612473381767e-01
8.338541653421189803e-01
8.498871525128682825e-01
8.692013952467176896e-01
8.796788189146254044e-01
8.596527775128682825e-01
8.544531265894571570e-01
8.409114612473381767e-01
8.230816059642367399e-01
7.969010406070284880e-01
7.939149339993795129e-01
7.781423661443922501e-01
7.752083473735384977e-01
7.565972275204129183e-01
7.526736060778299597e-01
7.182899283038245430e-01
6.971354219648573380e-01
6.812934014532301408e-01
6.696961820125579834e-01
6.463541587193807336e-01
5.997569395436180839e-01
5.025694436497158968e-01
4.738454884952968960e-01
4.533506996101803188e-01
4.406163228882683525e-01
4.435416724946763534e-01
4.428906308280097237e-01
4.582118127081129533e-01
5.046614607175191614e-01
5.364583300219641915e-01
5.804861088593801233e-01
