8.390624523162841797e-01
8.592187166213989258e-01
9.396874904632568359e-01
9.585937261581420898e-01
9.603124856948852539e-01
8.335937261581420898e-01
9.315625429153442383e-01
8.876562118530273438e-01
9.201562404632568359e-01
9.201562404632568359e-01
9.201562404632568359e-01
9.648437500000000000e-01
9.271874427795410156e-01
9.271874427795410156e-01
9.271874427795410156e-01
9.271874427795410156e-01
9.429687261581420898e-01
9.429687261581420898e-01
9.429687261581420898e-01
9.429687261581420898e-01
9.429687261581420898e-01
9.429687261581420898e-01
8.378125429153442383e-01
8.593750000000000000e-01
8.835937976837158203e-01
8.768750429153442383e-01
8.623437881469726562e-01
8.467187881469726562e-01
8.470312356948852539e-01
8.470312356948852539e-01
8.610937595367431641e-01
8.623437881469726562e-01
8.726562261581420898e-01
8.385937213897705078e-01
8.323436975479125977e-01
8.385937213897705078e-01
7.623437643051147461e-01
7.623437643051147461e-01
7.460937500000000000e-01
8.301562070846557617e-01
8.276562690734863281e-01
8.335937261581420898e-01
8.726562261581420898e-01
8.553124666213989258e-01
8.224999904632568359e-01
8.196874856948852539e-01
8.196874856948852539e-01
8.145312070846557617e-01
8.060936927795410156e-01
8.060936927795410156e-01
8.060936927795410156e-01
8.726562261581420898e-01
7.976562976837158203e-01
8.007812500000000000e-01
8.007812500000000000e-01
8.007812500000000000e-01
8.196874856948852539e-01
8.046875000000000000e-01
8.007812500000000000e-01
8.007812500000000000e-01
8.259375095367431641e-01
7.970312833786010742e-01
7.982811927795410156e-01
7.982811927795410156e-01
8.146874904632568359e-01
8.146874904632568359e-01
8.726562261581420898e-01
8.623437881469726562e-01
8.623437881469726562e-01
8.146874904632568359e-01
8.371875286102294922e-01
8.371875286102294922e-01
8.660937547683715820e-01
8.654687404632568359e-01
8.739062547683715820e-01
8.739062547683715820e-01
8.479686975479125977e-01
8.479686975479125977e-01
8.598437309265136719e-01
8.045312166213989258e-01
7.775000333786010742e-01
6.742187738418579102e-01
6.742187738418579102e-01
6.742187738418579102e-01
6.576562523841857910e-01
6.962499618530273438e-01
6.992187500000000000e-01
6.992187500000000000e-01
6.992187500000000000e-01
6.862499713897705078e-01
7.079687118530273438e-01
6.628124713897705078e-01
7.079687118530273438e-01
7.021875381469726562e-01
6.698437333106994629e-01
6.628124713897705078e-01
6.754687428474426270e-01
6.909375190734863281e-01
6.846874952316284180e-01
6.846874952316284180e-01
6.770312786102294922e-01
6.875000000000000000e-01
6.762499809265137829e-01
6.879687309265136719e-01
6.879687309265136719e-01
6.792187690734863281e-01
7.598437070846557617e-01
7.654687166213989258e-01
7.654687166213989258e-01
7.181249856948852539e-01
7.546875476837158203e-01
7.654687166213989258e-01
7.779687643051147461e-01
7.779687643051147461e-01
7.779687643051147461e-01
6.987500190734863281e-01
7.235937118530273438e-01
7.357811927795410156e-01
7.357811927795410156e-01
7.357811927795410156e-01
6.987500190734863281e-01
6.804687380790710449e-01
6.901562213897705078e-01
6.637499928474426270e-01
6.637499928474426270e-01
6.684374809265137829e-01
6.698437333106994629e-01
6.698437333106994629e-01
6.549999713897705078e-01
6.246874928474426270e-01
6.862499713897705078e-01
7.010937929153442383e-01
7.010937929153442383e-01
6.600000262260437012e-01
6.773437261581419788e-01
6.803125143051147461e-01
7.050000429153442383e-01
6.928124427795410156e-01
6.792187690734863281e-01
7.090624570846557617e-01
7.039062976837158203e-01
7.198437452316284180e-01
7.198437452316284180e-01
7.223438024520874023e-01
7.284375429153442383e-01
6.420312523841857910e-01
6.992187500000000000e-01
6.637499928474426270e-01
7.606250047683715820e-01
7.606250047683715820e-01
7.679687738418579102e-01
7.782812118530273438e-01
7.914062738418579102e-01
7.835937738418579102e-01
8.021874427795410156e-01
8.021874427795410156e-01
7.768750190734863281e-01
7.768750190734863281e-01
7.734375000000000000e-01
7.768750190734863281e-01
7.768750190734863281e-01
7.712500095367431641e-01
7.537499666213989258e-01
7.537499666213989258e-01
7.184375524520874023e-01
7.179687023162841797e-01
7.179687023162841797e-01
7.284375429153442383e-01
7.284375429153442383e-01
7.357811927795410156e-01
7.096874713897705078e-01
7.179687023162841797e-01
7.393749952316284180e-01
7.312500476837158203e-01
7.312500476837158203e-01
7.190624475479125977e-01
7.312500476837158203e-01
7.703125476837158203e-01
7.671874761581420898e-01
7.671874761581420898e-01
7.703125476837158203e-01
7.703125476837158203e-01
7.278125286102294922e-01
7.537499666213989258e-01
7.537499666213989258e-01
7.537499666213989258e-01
7.617187500000000000e-01
7.671874761581420898e-01
7.703125476837158203e-01
8.021874427795410156e-01
8.021874427795410156e-01
7.935937643051147461e-01
8.185937404632568359e-01
8.726562261581420898e-01
8.726562261581420898e-01
7.767187356948852539e-01
8.060936927795410156e-01
7.818750143051147461e-01
7.818750143051147461e-01
7.818750143051147461e-01
8.007812500000000000e-01
8.281250000000000000e-01
8.217186927795410156e-01
8.217186927795410156e-01
7.770313024520874023e-01
8.025000095367431641e-01
7.937500476837158203e-01
7.706249952316284180e-01
7.660937309265136719e-01
7.746875286102294922e-01
7.865624427795410156e-01
7.928124666213989258e-01
8.228125572204589844e-01
8.228125572204589844e-01
8.218749761581420898e-01
8.151562213897705078e-01
8.562500476837158203e-01
8.562500476837158203e-01
8.790625333786010742e-01
7.795312404632568359e-01
8.429687023162841797e-01
8.429687023162841797e-01
7.460937500000000000e-01
8.250000476837158203e-01
7.906249761581420898e-01
7.687499523162841797e-01
7.679687738418579102e-01
7.679687738418579102e-01
7.174999713897705078e-01
7.323437929153442383e-01
6.962499618530273438e-01
6.712499856948852539e-01
6.712499856948852539e-01
6.201562285423277698e-01
5.007812380790710449e-01
5.092187523841857910e-01
5.092187523841857910e-01
4.076562523841857910e-01
4.523437619209289551e-01
4.407812356948852539e-01
4.407812356948852539e-01
4.407812356948852539e-01
5.662500262260437012e-01
5.578125119209289551e-01
5.535937547683715820e-01
