3.211113357278855274e-01
3.166698557349490462e-01
3.155358556593024777e-01
3.251748607816022929e-01
3.265923586223331010e-01
3.239463584552746411e-01
3.253638562865553974e-01
3.329238567625153467e-01
3.409563685391311383e-01
3.507843781533431793e-01
3.501228803630433428e-01
3.503118848738556723e-01
3.549423874271227519e-01
3.565488897786659450e-01
3.623133923886796004e-01
3.763939045498433389e-01
3.800794115288263497e-01
3.697789086256767499e-01
3.700624063907609895e-01
3.726139133224475319e-01
3.846154028161030136e-01
4.001134218427567779e-01
4.075789200491355957e-01
3.983179059367421004e-01
3.932149011075782852e-01
3.976564081558923158e-01
3.949159057381526616e-01
3.955774125248616713e-01
4.006804083387162096e-01
4.014364083891471813e-01
4.075789200302354920e-01
4.107919337486309885e-01
4.123984361096241780e-01
4.121149293386806578e-01
4.252504369197010470e-01
4.391419445606024596e-01
4.413154514576235199e-01
4.472689585878994456e-01
4.428274425337263009e-01
4.347004465275977059e-01
4.426384560346323105e-01
4.122094315799119668e-01
3.942544259501211679e-01
4.020979242006154086e-01
4.013419241501844370e-01
3.764883978041153600e-01
3.641088812487668358e-01
3.759213932680874892e-01
3.958609193052551878e-01
4.090909381617158780e-01
4.096579337013345756e-01
4.024759152199718359e-01
4.002079150686788100e-01
4.123984451249333438e-01
4.093744359079001804e-01
4.088074313624223688e-01
4.089964358826846946e-01
4.017199241753999228e-01
3.813079048681947691e-01
3.594783787238496897e-01
3.668493746795472576e-01
3.603288720096526898e-01
3.550368716660857737e-01
3.679833927574621688e-01
3.471933824214505360e-01
3.406728617398375736e-01
3.478548802212003688e-01
3.386883593536288983e-01
3.503118758585465065e-01
3.572103785442066748e-01
3.499338668085718584e-01
3.419958663168464197e-01
3.390663593788444397e-01
3.406728617303875217e-01
3.419013550508560040e-01
3.341523500640838362e-01
3.393498481475196171e-01
3.257418563023209424e-01
3.359478569453392960e-01
3.350028613899551089e-01
3.436968619321115748e-01
3.498393735920998227e-01
3.565488807728067755e-01
3.638253834836824296e-01
3.745983886721787059e-01
3.704403884137082437e-01
3.885844075696204825e-01
4.077679245599478697e-01
4.080514223250322758e-01
4.149499340354514398e-01
4.172179431831535279e-01
4.168399431484881013e-01
4.165564453834038061e-01
4.188244274946285595e-01
4.210924276364715335e-01
4.103194224668751944e-01
4.078624358259382854e-01
3.934984078879718572e-01
3.856549096469276128e-01
3.822529094388881221e-01
3.819694026679447130e-01
3.935929101481029924e-01
3.962389103151615632e-01
3.918919055364287751e-01
3.877338962720991433e-01
3.795123889999801881e-01
3.617463788467926156e-01
3.676053837263874580e-01
3.747874021888501495e-01
3.619353923634640591e-01
3.558873739577478323e-01
3.412398662664153925e-01
3.415233640409497951e-01
3.371763682775261173e-01
3.278208428991422618e-01
3.294273452695855031e-01
3.439803687314050284e-01
3.503118758774465547e-01
3.549423874365728038e-01
3.592893922247555882e-01
3.455868710640482844e-01
3.459648710798137183e-01
3.487053735164533652e-01
3.574938853340501321e-01
3.682668905130964121e-01
3.797014115225108011e-01
3.788509092213986351e-01
3.762994112955713177e-01
3.827254117053348059e-01
3.814024161341850738e-01
3.677943972619589497e-01
3.652428993455816286e-01
3.579663966252560336e-01
3.453033732989639337e-01
3.414288527655094385e-01
3.267813450930771024e-01
3.268758383378990162e-01
3.172368332344993602e-01
3.130788329760288424e-01
3.077868371495664501e-01
3.129843397312068731e-01
3.235683584206091590e-01
3.207333627485974281e-01
3.247023675115647823e-01
3.195048694375789422e-01
3.274428699482043736e-01
3.321678657462935336e-01
3.343413636280053725e-01
3.245133539948933388e-01
3.324513634924778360e-01
3.227178471041877161e-01
3.267813631331453750e-01
3.344358658597865186e-01
3.270648608982297256e-01
3.192213536513263117e-01
3.134568420165534941e-01
3.220563628368516840e-01
3.131733487496737300e-01
3.096768417738485213e-01
2.989038230623886072e-01
2.866188087766211590e-01
2.869968088018367003e-01
2.929503249474217919e-01
2.937063159825435976e-01
2.742392967289272177e-01
2.786807992601365580e-01
2.839728041019081162e-01
2.869968088018366448e-01
2.840673153773484172e-01
2.791533105513424040e-01
2.739557944467382322e-01
2.802872970945751163e-01
2.719712920794296052e-01
2.571347843943894707e-01
2.524097795904411412e-01
2.436212722710490441e-01
2.514647750291978956e-01
2.625212914868422232e-01
2.600642868341868641e-01
2.954073250924225125e-01
2.947458227850180967e-01
2.922888226211173279e-01
2.910603157871350377e-01
2.998488231065273291e-01
2.977698139714328174e-01
2.920998181197550503e-01
2.819883017156994409e-01
2.855792974286920916e-01
2.483462680502381559e-01
2.559062865568164091e-01
2.383292674292774582e-01
2.405972720787750707e-01
2.562842820838273084e-01
