3.193225861003001209e-01
3.140576025093513302e-01
3.142331067067377082e-01
3.242366115246270719e-01
3.263426116651134690e-01
3.247631073828444737e-01
3.252018594961770259e-01
3.302913556324564293e-01
3.417866210052801224e-01
3.491576298244657983e-01
3.499473819612127778e-01
3.514391341447886119e-01
3.545103822480498157e-01
3.556511344082112225e-01
3.633731432595864175e-01
3.735521522748622147e-01
3.769744087553464351e-01
3.714461605057343685e-01
3.667076560215107861e-01
3.706564083689873335e-01
3.853106572010484010e-01
3.987364185345220746e-01
4.044401709727455385e-01
3.941734014874179182e-01
3.937346493740853104e-01
3.993506581025241253e-01
3.952264099377946205e-01
3.952264099290196953e-01
4.004036581639922043e-01
4.018076582488747661e-01
4.076869232558432143e-01
4.109336839190744217e-01
4.111969318525706685e-01
4.128641798709494215e-01
4.243594368636394720e-01
4.373464460574554846e-01
4.398911983112744895e-01
4.476132071626496289e-01
4.434011985278683565e-01
4.338364458320866368e-01
4.413829588486587463e-01
4.127764361260647386e-01
3.942611786826367148e-01
3.988241706156652744e-01
4.026851792270321195e-01
3.759214003400697668e-01
3.623201264729512538e-01
3.774131441698370115e-01
3.961916662719281446e-01
4.086521879701102145e-01
4.083011795928874199e-01
4.013689145069007647e-01
3.999649144132431666e-01
4.106704443744869093e-01
4.103194359709388950e-01
4.093541796280305012e-01
4.095296838254168792e-01
4.024219229309524137e-01
3.817129048945363534e-01
3.602141263587898545e-01
3.679361268388064432e-01
3.626711265051406619e-01
3.570551261392854170e-01
3.657423913247939695e-01
3.479291339194197086e-01
3.410846125695427555e-01
3.485433818763302716e-01
3.400316124992995848e-01
3.524921258348982511e-01
3.567918781970141895e-01
3.495963651775313430e-01
3.415233646828754188e-01
3.393296124524708413e-01
3.398561083019130957e-01
3.396806041045266622e-01
3.355563559485723046e-01
3.406458520936266887e-01
3.271323554217269169e-01
3.353808601313193472e-01
3.345911079857972759e-01
3.440681085741107981e-01
3.484556214150534847e-01
3.578448782760322855e-01
3.634608870044711004e-01
3.727623834041731699e-01
3.740786397704960464e-01
3.887329053277243096e-01
4.087399233348614769e-01
4.089154275322479104e-01
4.156721884208479656e-01
4.174271969005033944e-01
4.176026927177564074e-01
4.202351970614935928e-01
4.184801802104796686e-01
4.212004282903266117e-01
4.104949234431583549e-01
4.082134358480026259e-01
3.939979056701650717e-01
3.870656573181205373e-01
3.840821613223274200e-01
3.835556571103016510e-01
3.939979140327485863e-01
3.968059142112886906e-01
3.927694097738939627e-01
3.881186490345552298e-01
3.763601357457853624e-01
3.598631263178254658e-01
3.657423829622103995e-01
3.744296481477188965e-01
3.624956390241461102e-01
3.560021260602672100e-01
3.411723646506859553e-01
3.417866126075965738e-01
3.352931163864346087e-01
3.303790993334660420e-01
3.302035951536296254e-01
3.450333733059278152e-01
3.497718777726013806e-01
3.563531344638150022e-01
3.598631430605424009e-01
3.464373733732604710e-01
3.467883733878998065e-01
3.494208777491869533e-01
3.568796303044823870e-01
3.670586393109832590e-01
3.812741611350122795e-01
3.785539046925818774e-01
3.738154085621668288e-01
3.831169133420025408e-01
3.808354173842631307e-01
3.674973998132243791e-01
3.642506475125766308e-01
3.574938949865599791e-01
3.452088691056308112e-01
3.422253563583456670e-01
3.261670907074599723e-01
3.259038344113802665e-01
3.151105816511982072e-01
3.149350816482660020e-01
3.094068375755582023e-01
3.150228421095427334e-01
3.230081072569975786e-01
3.214286113460869676e-01
3.237978677738779787e-01
3.202878675572840561e-01
3.280098680548507173e-01
3.328361162664089101e-01
3.348543642994270542e-01
3.255528511657829749e-01
3.326606120602474959e-01
3.248508511014041034e-01
3.274833638164998395e-01
3.331871162634983397e-01
3.273078596278883312e-01
3.187083549036565655e-01
3.133555940999389611e-01
3.208143592210471740e-01
3.135310941028711107e-01
3.093190896625442887e-01
3.004563244477785333e-01
2.886978111590087215e-01
2.873815631728193765e-01
2.947525720007800332e-01
2.943138198786723891e-01
2.752720456661809090e-01
2.769392978614638734e-01
2.815900502469941835e-01
2.883468111355942942e-01
2.839593150461436344e-01
2.757108061508720120e-01
2.747455456222843151e-01
2.790452979844001979e-01
2.731660413487903005e-01
2.588627841775599792e-01
2.528080275214678596e-01
2.456125228821186834e-01
2.499122752530095748e-01
2.609687884949506431e-01
2.621972885769009443e-01
2.950158241024055106e-01
2.941383198494152418e-01
2.921200718076221170e-01
2.912425633865026176e-01
2.994033201830811342e-01
2.963320637172362493e-01
2.914180675926640873e-01
2.822920502850479463e-01
2.870305505748171337e-01
2.485082667704434645e-01
2.548262839170695182e-01
2.389435182691159731e-01
2.423657747671501828e-01
2.552650318622728953e-01
