3.170301179964491456e-01
3.142660074619382238e-01
3.153409486884359847e-01
3.252457397246216741e-01
3.259367728596315739e-01
3.238636734853144183e-01
3.240940154117673000e-01
3.289312326378559526e-01
3.431357739378335658e-01
3.481265646462177177e-01
3.489711566136458054e-01
3.500460978401436218e-01
3.545761973706833547e-01
3.538083811569950332e-01
3.643274222111215210e-01
3.776105884573144333e-01
3.796836878316316444e-01
3.736947536176273288e-01
3.650184626633919960e-01
3.757678456670057732e-01
3.841370042758147640e-01
3.985718875329578026e-01
4.044072628915095224e-01
3.925829313287811373e-01
3.911240893280559794e-01
3.997235971959347545e-01
3.932739717887297481e-01
3.955774130894997853e-01
3.978040639866526340e-01
3.995700383328040783e-01
4.081695462006827979e-01
4.095516197649287093e-01
4.116247118219853451e-01
4.149263039533140907e-01
4.249846611468567348e-01
4.342751948171285070e-01
4.378071361998489008e-01
4.436425115660788121e-01
4.419533276235445007e-01
4.342752021343890823e-01
4.404944855921068547e-01
4.140049362014338041e-01
3.976505197657211887e-01
3.958845454272478803e-01
4.043304944396740597e-01
3.795301216665966093e-01
3.614097235597938940e-01
3.791462135827868840e-01
3.949631703811414263e-01
4.100891013771028604e-01
4.090909359197011375e-01
4.034091047513683193e-01
3.951935049826555968e-01
4.097819763566153406e-01
4.097051859299637444e-01
4.092444947367629982e-01
4.090909358889885938e-01
4.038697959292127937e-01
3.839834381184579204e-01
3.645577568587045070e-01
3.645577495337658513e-01
3.650184407192884617e-01
3.607186904401402661e-01
3.680129297819113576e-01
3.489711639309063806e-01
3.448249651822721251e-01
3.498157559060125488e-01
3.382217662774151812e-01
3.523495318159749479e-01
3.564957232319924119e-01
3.480497668946275214e-01
3.396038325320787088e-01
3.395270494380440152e-01
3.406019833472812564e-01
3.399109502199494370e-01
3.359183249843233354e-01
3.410626599059608521e-01
3.273956002028011181e-01
3.380682074526751291e-01
3.316953578068879693e-01
3.451320828854991252e-01
3.478962153871479890e-01
3.569564071232888547e-01
3.662469481108212022e-01
3.685503820866525837e-01
3.773034561272444742e-01
3.881296222095366732e-01
4.073249542332547657e-01
4.100890794099649184e-01
4.208384770557779264e-01
4.178440099449367007e-01
4.212223851472658431e-01
4.202242269994465040e-01
4.234490287194800917e-01
4.211455874187100545e-01
4.099355132295736670e-01
4.074017446368718987e-01
3.941953468425143381e-01
3.868243390565859752e-01
3.845209123903371440e-01
3.842137800602670739e-01
3.945792622666191574e-01
3.950399461348811925e-01
3.924293798136235800e-01
3.887438722658681511e-01
3.762285149237811210e-01
3.603347823409742690e-01
3.637131648682420670e-01
3.753839302429010649e-01
3.648648964906788805e-01
3.562653739806008191e-01
3.386824574629377915e-01
3.412930164746129647e-01
3.349969572401210738e-01
3.321560343271769411e-01
3.317721262356889689e-01
3.453624321676032061e-01
3.509674729092845391e-01
3.579545725883687135e-01
3.594134219293887988e-01
3.466677153051976878e-01
3.469748403256852631e-01
3.496621897409775137e-01
3.576474475602030578e-01
3.680897055356511238e-01
3.790694377983345742e-01
3.771499046044087256e-01
3.731572866630087359e-01
3.802979451975455061e-01
3.791462282096298431e-01
3.698556799048369204e-01
3.670915547281267122e-01
3.579545798979512083e-01
3.452088659641776025e-01
3.414465753223874800e-01
3.284705267794215122e-01
3.284705267794215677e-01
3.203317137825691940e-01
3.158783936835947714e-01
3.102733639062871251e-01
3.141124339719644776e-01
3.221744822101633154e-01
3.210995483009261298e-01
3.232494307615997875e-01
3.216370225881615141e-01
3.290080230568293018e-01
3.334613321760738214e-01
3.336148910238482812e-01
3.242475669499593760e-01
3.302365157984847865e-01
3.247850338892216415e-01
3.281634237414281507e-01
3.333845490666828004e-01
3.273188317740000630e-01
3.177211657659800847e-01
3.139588751241900177e-01
3.213298939052045555e-01
3.128071544661268355e-01
3.073556762270113207e-01
2.978347896352003810e-01
2.878532155280144056e-01
2.879300022768403466e-01
2.940725063183489696e-01
2.914619436518826046e-01
2.754914206731367554e-01
2.727272955041046831e-01
2.801750790591290841e-01
2.874693110759614090e-01
2.857801308035746723e-01
2.760289022776327705e-01
2.733415455374017533e-01
2.772573950269662801e-01
2.738790124996984821e-01
2.619011294218124286e-01
2.527641509522020602e-01
2.502303713644140615e-01
2.498464632652480366e-01
2.582156291989957664e-01
2.622082581124475231e-01
2.964527343602667564e-01
2.927672231346857279e-01
2.919994142459361175e-01
2.885442486246336258e-01
2.959152527557707968e-01
2.972205359240777112e-01
2.936885982038266452e-01
2.833998954136837112e-01
2.873157412331008298e-01
2.526873641880197918e-01
2.556818459410603039e-01
2.380989221061367567e-01
2.400184589778882049e-01
2.539926583514129366e-01
