3.163391068208990520e-01
3.415233730893340036e-01
3.310811078043035538e-01
3.255529013851590214e-01
3.347666372884843256e-01
3.181818422939471924e-01
3.255528427242243561e-01
3.359951080706798932e-01
3.316953138956464375e-01
3.464373733557103430e-01
3.476659027374154887e-01
3.476659027374154887e-01
3.482801674282681725e-01
3.691646394602445813e-01
3.673219039871964409e-01
3.654791685141483004e-01
3.814496987564077735e-01
3.814496987564077735e-01
3.679361686780490137e-01
3.519656383743644534e-01
3.525799030037919390e-01
4.219901720995901107e-01
4.232187014812952564e-01
4.029484354792367551e-01
4.103194359709390060e-01
3.875921699278298549e-01
3.851351697639291416e-01
3.937346410378269601e-01
3.882063760191728496e-01
3.875921699278298549e-01
4.115479067531344626e-01
4.097051712800864331e-01
4.097051712800864331e-01
4.097051712800864331e-01
4.238329075726381401e-01
4.576167621911400030e-01
4.570024389622028282e-01
4.570024389622028282e-01
4.649877040833326758e-01
4.318181726937680986e-01
4.318181726937680986e-01
3.906634347211581648e-01
3.605651681863467628e-01
4.029483769411522642e-01
4.072481711161856088e-01
3.660933746054911841e-01
3.660933746054911841e-01
3.789926401158476565e-01
3.968059058925802463e-01
4.041769063228574099e-01
4.011057000061886146e-01
3.925061701942063053e-01
3.906633761830736740e-01
4.121622300434966135e-01
4.121622300434966135e-01
4.029484354792367551e-01
4.029484354792367551e-01
3.851351697639291416e-01
3.789926401158476565e-01
3.667076392963438680e-01
3.495086382104637401e-01
3.667076392963438680e-01
3.667076392963438680e-01
3.556511093204608454e-01
3.470516380465629158e-01
3.470516380465629158e-01
3.513513736835118806e-01
3.433661085623821441e-01
3.513513736835118806e-01
3.513513736835118806e-01
3.329238432159264960e-01
3.452089025735147754e-01
3.415233730893340036e-01
3.452089025735147754e-01
3.181818422939471369e-01
2.929975760869372725e-01
3.194103130761427600e-01
3.144963128097663096e-01
3.390663143259236012e-01
3.390663143259236012e-01
3.476658441379059106e-01
3.433661085009570568e-01
3.550369031676927634e-01
3.642506391938681309e-01
3.642506391938681309e-01
3.691646394602446923e-01
3.691646394602446923e-01
4.017199061589565856e-01
4.201474366265419702e-01
4.158477009895930054e-01
4.078624358070380707e-01
4.103194359709387840e-01
4.133907008256921811e-01
4.256757015837708824e-01
4.281327017476715957e-01
4.256757015837708824e-01
3.888206407100254225e-01
3.728501690058504403e-01
3.728501690058504403e-01
3.728501690058504403e-01
3.832923757527965103e-01
3.759213752610942594e-01
4.054053771050529775e-01
3.839066403822239959e-01
3.839066403822239959e-01
3.746929044174737156e-01
3.753071105702417976e-01
3.667076392963438680e-01
3.753071105702417976e-01
3.433661085009570568e-01
3.495086382104637401e-01
3.581081094229364714e-01
3.402948437076288579e-01
3.138821066569981721e-01
3.138821066569981721e-01
2.929975760869372725e-01
3.753071691697512646e-01
3.482801088901836817e-01
3.476659027374155997e-01
3.482801674282681725e-01
3.464373733557103430e-01
3.495086382104636291e-01
3.513513736835118806e-01
3.519656383743644534e-01
3.581081680838711367e-01
3.691646394602446923e-01
3.900491700917305682e-01
3.544226385382651667e-01
3.863636990842092001e-01
3.845209050730766798e-01
3.642506391324430437e-01
3.679361686780490137e-01
3.617936389685423304e-01
3.538083737859875066e-01
3.280098428881250694e-01
3.237101072511762156e-01
3.341523140595472618e-01
3.267813135678450109e-01
3.138820480574887606e-01
2.966831056325432425e-01
3.261671074765020162e-01
3.206388424578479057e-01
3.212531071487005896e-01
3.218673718395531624e-01
3.138821066569983387e-01
3.341523725976317527e-01
3.249386366943064486e-01
3.273956368582071619e-01
3.378379021432376117e-01
3.378379021432376117e-01
3.169533715117515138e-01
3.433661085623821441e-01
3.476659027374155997e-01
3.273955782586975838e-01
3.169533715117515138e-01
3.267813721673545890e-01
3.335381079067790688e-01
3.212531071487004786e-01
2.893120758410862581e-01
2.893120758410862581e-01
2.960688115805107934e-01
2.837838401221869367e-01
2.739558102282542706e-01
2.708845160737461955e-01
2.788698105560558083e-01
2.788698105560558083e-01
2.794840459471535365e-01
2.942261054686425292e-01
2.782555751649579689e-01
2.628992802523712480e-01
2.917690759435619396e-01
2.972973116624612056e-01
2.770270457832528233e-01
2.278869840900036303e-01
2.500000441031948184e-01
2.500000441031948184e-01
2.500000441031948184e-01
2.530712796581933710e-01
2.635135448817987891e-01
3.015971058989196929e-01
2.917690759435619396e-01
2.856265755952351326e-01
2.856265755952351326e-01
3.101965771113924797e-01
2.788697812563009082e-01
3.028255766811152050e-01
3.022113119902626877e-01
2.819410461110543054e-01
2.463145145575889039e-01
2.407862788386896380e-01
2.303440135536591882e-01
2.303440135536591882e-01
2.585995446154223387e-01
