3.144963362127152218e-01
3.201474541695398246e-01
3.213759600868710820e-01
3.221130777404642154e-01
3.240786778470147733e-01
3.226044660042023393e-01
3.277641721837747935e-01
3.277641487685410415e-01
3.422604672662681868e-01
3.474201734212706283e-01
3.476658792976117240e-01
3.464373967955142186e-01
3.584767034340087255e-01
3.594595034995691774e-01
3.670761981231404070e-01
3.756757162029358277e-01
3.769042221448371532e-01
3.759214220792769234e-01
3.751843278900576228e-01
3.665848097856921339e-01
3.847665992049456030e-01
4.056511298241466390e-01
4.135135303486289216e-01
3.982801176371124074e-01
3.918919055402086959e-01
4.022113178993537153e-01
3.847665992540856839e-01
4.000000118918919934e-01
3.938575056713292666e-01
4.058968122852538163e-01
4.051597180714646140e-01
4.090909183091356871e-01
4.095823300618177676e-01
4.120393185058165986e-01
4.329238256852137035e-01
4.491400618775243103e-01
4.579852858582307285e-01
4.579852858582308395e-01
4.567567564765256383e-01
4.464373441173807855e-01
4.496314501658326135e-01
3.859951285620807360e-01
3.815725165717275269e-01
4.058968122606837481e-01
4.073710240789261694e-01
3.574938799532147438e-01
3.646191862393377003e-01
3.788697988607238609e-01
3.995086236035838567e-01
4.098280359627288760e-01
4.076167299552672096e-01
3.965601999916691378e-01
3.928746821905352848e-01
4.105651535671818730e-01
4.076167533705009616e-01
4.068796357414778408e-01
4.083538241199163865e-01
3.997543294553548288e-01
3.815725165962975396e-01
3.508599619553997573e-01
3.614250801908858723e-01
3.589680683316531784e-01
3.535626562757397950e-01
3.636363861737774705e-01
3.383292670040270456e-01
3.289926781256761190e-01
3.319410548825531548e-01
3.319410548825530993e-01
3.533169738146324512e-01
3.484029734868309691e-01
3.390663611686761669e-01
3.417690789288198583e-01
3.420147613653570784e-01
3.481572676104899289e-01
3.444717732491597850e-01
3.275184428921998903e-01
3.324324431954314152e-01
3.213759366716372190e-01
3.326781490717724554e-01
3.326781490717724554e-01
3.447174556856970051e-01
3.493857735523911989e-01
3.582309741178639761e-01
3.656019863294679983e-01
3.786240930089529444e-01
3.702703041715922905e-01
3.886977994671868553e-01
4.046683297585863537e-01
4.186732365282014312e-01
4.127764361348396638e-01
4.184275540670941429e-01
4.154791538704132314e-01
4.164619539359735723e-01
4.189189423799725143e-01
4.159705422078615600e-01
4.149877186779274973e-01
3.960688116542209203e-01
3.864865169240989107e-01
3.869779052369772820e-01
3.788697988852939291e-01
3.828009991229651687e-01
3.847665992295157267e-01
3.923832938530869008e-01
3.965601999670991806e-01
3.820639049091757999e-01
3.820639049091757999e-01
3.705159866081295661e-01
3.665847629306545064e-01
3.668304922222292985e-01
3.660933980330100534e-01
3.520884678481611685e-01
3.469287851083924790e-01
3.498771618652695148e-01
3.235872426299588045e-01
3.164619363192657242e-01
3.164619363438356814e-01
3.412776672252779697e-01
3.513513737080818933e-01
3.545455031963376524e-01
3.545455031963375414e-01
3.457002791664911534e-01
3.479115851739527088e-01
3.555282797975240494e-01
3.616708095070307327e-01
3.793612105888359842e-01
3.800983282178591049e-01
3.859951286112208169e-01
3.697789158341440729e-01
3.818182224480685671e-01
3.869779286522111450e-01
3.584766799942048499e-01
3.599508918124473267e-01
3.609336918534376548e-01
3.486486793386019967e-01
3.353808433675422584e-01
3.245700426955190343e-01
3.238329250910661483e-01
3.218673249599454667e-01
3.122850302298235681e-01
2.950860408761303288e-01
3.174447364093960777e-01
3.265356662664434806e-01
3.211302776503338618e-01
3.181818774782230186e-01
3.169533715117515693e-01
3.324324666598053035e-01
3.282555839855970103e-01
3.314496665942450737e-01
3.285012664221341194e-01
3.299754548005727206e-01
3.181818540138490192e-01
3.378378786911488407e-01
3.405405729869186437e-01
3.292383605867833518e-01
3.248157720116638947e-01
3.179361481620781027e-01
3.206388658730817132e-01
3.167076539155085912e-01
3.031941355079117995e-01
2.955774174445366942e-01
2.928747114042948851e-01
2.911548288694172371e-01
2.911548288694172371e-01
2.928747114288648978e-01
2.746929102897095465e-01
2.656019921279940132e-01
2.884520994385116888e-01
2.847666167725134700e-01
2.837838167069531847e-01
2.700245924230153527e-01
2.800982988812491525e-01
2.808354047903703909e-01
2.550368738925079537e-01
2.557739798016290811e-01
2.429975672785834040e-01
2.429975672785834040e-01
2.528255796295182933e-01
2.616707919148928418e-01
2.756757103306998191e-01
2.963145467688916845e-01
2.945946407942101608e-01
2.855037226324945721e-01
2.830467107732619891e-01
3.051597121746585928e-01
2.901719936932912747e-01
3.014742177887583807e-01
2.916462054623936151e-01
2.810810989713795616e-01
2.383292611072210521e-01
2.373464727861326895e-01
2.361179668442313917e-01
2.375921669425718474e-01
2.513513795066077972e-01
