3.153153323497948080e-01
3.190008553843440842e-01
3.161343649597114780e-01
3.254163655652420051e-01
3.240513589631294766e-01
3.289653722857441287e-01
3.262353590951689308e-01
3.331968562767260167e-01
3.413868698178750272e-01
3.510783801763572298e-01
3.493038898245694468e-01
3.480753864870907432e-01
3.539448966315663636e-01
3.589954002103517006e-01
3.568113870425489442e-01
3.761944077868135117e-01
3.830194147258498827e-01
3.748294141931641232e-01
3.704614139290851038e-01
3.716899042581005563e-01
3.842479050548653352e-01
4.021294289681465184e-01
4.069069260176641500e-01
3.939394024048843423e-01
3.968059058379800885e-01
3.991264092483036152e-01
3.973519058880525257e-01
3.980344091754588476e-01
4.013104093803431249e-01
4.025388997093585775e-01
4.075894162829571954e-01
4.092274293870374891e-01
4.122304360984172522e-01
4.130494296419942035e-01
4.250614304023366263e-01
4.437619478591949274e-01
4.481299611453872789e-01
4.537264647469450574e-01
4.514059483281582796e-01
4.312039340403168719e-01
4.444444511329512792e-01
4.063609259402917728e-01
3.928474153405028257e-01
4.054054161372676046e-01
3.974884221611497126e-01
3.720994010298889210e-01
3.641823810095445868e-01
3.802894015489247659e-01
3.946219187144038854e-01
4.059514292094533183e-01
4.097734294507600072e-01
3.978979059244749927e-01
3.972154026234186452e-01
4.095004489384186375e-01
4.092274424091507656e-01
4.095004359163053609e-01
4.110019327609386597e-01
4.013104224024564015e-01
3.774228981294789342e-01
3.600873742526200516e-01
3.632268711928705041e-01
3.569478642902564336e-01
3.539448575925267515e-01
3.622713873931228679e-01
3.371553727774798115e-01
3.390663663939015304e-01
3.426153731280536796e-01
3.344253595869046691e-01
3.495768833317240420e-01
3.588588839099545735e-01
3.486213734877499082e-01
3.427518633569243689e-01
3.385203533353659533e-01
3.419328698269973321e-01
3.428883536130949428e-01
3.331968432409627701e-01
3.360633466877086528e-01
3.263718623598028667e-01
3.323778496973857632e-01
3.355173596597494368e-01
3.397488566728446013e-01
3.508053736470894135e-01
3.561288837551426778e-01
3.624078776356434717e-01
3.748293881898876467e-01
3.731913880942705486e-01
3.942124089341521587e-01
4.092274294006875701e-01
4.111384360392225656e-01
4.165984494119095993e-01
4.164619461336256379e-01
4.175539461928203799e-01
4.163254428553416764e-01
4.168714298833010035e-01
4.168714298833010035e-01
4.105924229806869330e-01
4.049959193654791845e-01
3.875239052597496126e-01
3.843844083194992156e-01
3.783783949376897660e-01
3.856129116569779192e-01
3.914824087656902929e-01
3.962599058152078690e-01
3.931204088613073910e-01
3.823368984299804207e-01
3.845208985756699560e-01
3.611793742981648236e-01
3.686868845382575421e-01
3.730548978244498382e-01
3.644554005336255731e-01
3.546273738747461879e-01
3.472563799077505453e-01
3.449358635026139042e-01
3.366093727410575109e-01
3.228228425762373899e-01
3.244608427128045647e-01
3.480753735059274878e-01
3.510783801763572853e-01
3.533988835866807010e-01
3.558558902616380526e-01
3.453453732965156564e-01
3.452088700318817205e-01
3.464373603472471475e-01
3.625443939223906287e-01
3.682773877528190409e-01
3.841114278208079269e-01
3.823369114520936418e-01
3.729184075819291788e-01
3.868414149671565716e-01
3.774229111242921042e-01
3.677314007658099015e-01
3.640458907533739019e-01
3.581763936310115026e-01
3.456183668036701961e-01
3.386568565999998892e-01
3.300573463007123731e-01
3.205023261711008598e-01
3.210483262075232158e-01
3.124488419524621974e-01
3.027573315803299692e-01
3.110838483724628345e-01
3.244608557212679267e-01
3.232323654059024443e-01
3.235053719624703117e-01
3.232323784280156653e-01
3.319683659750106153e-01
3.304668691440273975e-01
3.333333725771232547e-01
3.297843658566211311e-01
3.303303528572802406e-01
3.230958491328053128e-01
3.258258623233804552e-01
3.352443661525948970e-01
3.271908689118430136e-01
3.203658619728065871e-01
3.119028419160397858e-01
3.174993650371173981e-01
3.093093514959683321e-01
3.038493446616379323e-01
2.979798214950492019e-01
2.843298011195696806e-01
2.947038147791082308e-01
2.904723177796630917e-01
2.992083118240645989e-01
2.732732971674380895e-01
2.728638003956496139e-01
2.807808008964742252e-01
2.874693110819332986e-01
2.856948142327388473e-01
2.770953039198014167e-01
2.794158007917681985e-01
2.769587941304608725e-01
2.660387869592065746e-01
2.563472830981308737e-01
2.511602762683616819e-01
2.441987725620979599e-01
2.478842695524207662e-01
2.593502832848040840e-01
2.618072899461114100e-01
2.996178346264295467e-01
2.932023309429381830e-01
2.881518208667461778e-01
2.903358144877291047e-01
3.011193249463561816e-01
2.986623247961053829e-01
2.921103113642236071e-01
2.911548080449561371e-01
2.824187944810346851e-01
2.459732629002357729e-01
2.514332892950361109e-01
2.347802621945268842e-01
2.399672690379461293e-01
2.577122896865934876e-01
