3.700440541358285262e-01
3.678414129882831562e-01
3.828193832946134578e-01
3.892070478740058403e-01
4.167400884758773461e-01
4.092510980712014690e-01
4.112334803555030005e-01
4.169603578421426926e-01
4.030837028580743220e-01
3.704845718623161477e-01
3.678414024852615927e-01
3.821585856988390928e-01
3.975770947376999764e-01
4.220264377330078531e-01
4.125550755470518416e-01
4.154185142903715766e-01
4.255506530660590481e-01
4.359030822140547157e-01
4.359030927170762237e-01
4.306167434599457167e-01
4.524229170781991494e-01
5.385462647198859809e-01
5.403083881409439515e-01
5.328193977362680744e-01
6.185022171484458875e-01
6.297357237615027747e-01
6.867841872495471511e-01
6.656387482089394236e-01
6.297357027554598696e-01
5.751101602842474403e-01
5.524229197039544070e-01
5.526431890702198091e-01
5.493392220973908335e-01
5.568282019990453691e-01
5.607929665676485431e-01
5.850220506997125813e-01
5.662995746880228332e-01
5.662995746880228332e-01
5.876652200767671363e-01
5.887665459020505754e-01
5.841409732346514172e-01
5.770925215625061222e-01
5.411894340969405359e-01
5.414097034632059380e-01
5.215859226322756559e-01
5.204845968069922169e-01
5.039647724458692357e-01
5.297357001297043899e-01
5.198238097142393599e-01
5.491189632341469951e-01
5.784141167540548523e-01
5.726872392674153822e-01
5.828193780431026871e-01
6.013216056945701604e-01
6.303965108542556317e-01
6.134361687666451957e-01
5.790749038468077092e-01
6.200440607002170035e-01
6.497797529526553317e-01
6.420705141877570687e-01
6.286343769301763196e-01
6.321586027662490226e-01
6.196035429737293265e-01
6.167401042304094805e-01
5.784141167540548523e-01
5.755506780107351172e-01
5.557268971798048351e-01
5.522026503376892270e-01
5.255506766978573774e-01
5.254405420147246764e-01
4.778634407126363115e-01
4.383260032308869403e-01
4.566079405100461064e-01
4.856828246636886171e-01
4.874449375817249686e-01
4.819383294613507340e-01
4.929515457020992031e-01
4.920704997461025632e-01
4.971365796369677237e-01
5.072687394186982113e-01
5.768722837053052999e-01
5.599119311146733002e-01
5.563876947755791447e-01
5.590308746556550412e-01
5.444934220758124166e-01
4.856828351667100696e-01
4.773127883030160445e-01
5.009911990194169107e-01
5.438326244800381071e-01
5.500000301961867066e-01
5.189427532552211009e-01
5.680617086121021453e-01
5.936123669296720085e-01
5.812775344913316822e-01
5.519823809714239360e-01
5.566079431358014196e-01
5.693832617915648431e-01
5.500000091901438015e-01
5.559471560430486736e-01
5.572687302285543876e-01
5.427312881517332155e-01
5.612334947971575616e-01
5.209251250365012353e-01
5.354625776163439710e-01
5.702643392566260072e-01
5.720264311686193981e-01
6.011013363283048694e-01
6.149780123184162006e-01
6.092511348317766195e-01
6.017621234210577263e-01
6.286343559241334145e-01
6.286343559241334145e-01
5.841409732346514172e-01
5.659691601356033885e-01
5.501101333702548279e-01
5.588105947863684086e-01
5.497797503268998520e-01
5.517621221081799865e-01
5.544053019882559941e-01
5.519823914744452775e-01
5.471365704468239555e-01
5.422907599222239750e-01
5.471365599438025029e-01
5.259911944243450543e-01
5.442731422065255620e-01
5.240088226430648088e-01
5.308370259549878289e-01
5.591409673267018210e-01
5.425110292884893770e-01
5.475771091793546486e-01
5.367841623048712485e-01
5.312775541844969585e-01
5.110132346210359833e-01
4.984581748285163982e-01
5.002202772435313527e-01
5.436123551137728160e-01
5.691630344373855843e-01
5.455947373980742920e-01
5.240088331460863724e-01
5.145374604571089083e-01
5.145374604571087973e-01
5.147577193203527468e-01
5.411894340969405359e-01
5.484581656383726855e-01
5.365638929386058464e-01
5.354625671133226295e-01
5.237885532767995178e-01
5.094713805662436368e-01
5.191630016154434868e-01
4.876652069479902596e-01
4.975771078664769087e-01
4.940528715273826421e-01
4.914096916473066901e-01
5.033039643470734736e-01
5.004405361067751912e-01
5.202643379437483784e-01
5.196035298449525053e-01
5.061674030903932087e-01
5.920705233779008925e-01
6.090308444594684234e-01
5.938326362959372995e-01
5.775330602950367043e-01
5.788546239775209656e-01
6.083700573667154554e-01
5.770925215625061222e-01
5.729075086336805622e-01
5.537445148955031371e-01
5.451541986655439320e-01
5.348017695175480979e-01
5.154185169161269453e-01
4.795154189475400175e-01
4.832599351559208611e-01
4.325991152412259066e-01
4.314977999189639202e-01
4.323788563779819571e-01
3.984581511967181244e-01
3.894273172402712424e-01
3.616740177751559537e-01
3.603524330866286762e-01
2.961453727402847957e-01
2.026431588740330025e-01
1.837004345021209240e-01
1.600220132826986053e-01
1.575991132719093968e-01
1.394273001728613404e-01
1.473568293100678273e-01
1.271806195937173756e-01
1.301541930201697839e-01
1.760792950813116486e-01
2.085903057269378746e-01
2.094713621859559949e-01
2.149779703063303127e-01
2.022026411475454089e-01
