8.672656118869781494e-01
9.054296612739562988e-01
9.227734208106994629e-01
9.213671684265136719e-01
9.237499833106994629e-01
9.220703244209289551e-01
8.996093869209289551e-01
8.932421803474426270e-01
9.131250083446502686e-01
9.131250083446502686e-01
9.131250083446502686e-01
9.349999725818634033e-01
9.509374797344207764e-01
9.509374797344207764e-01
9.491796493530273438e-01
9.491796493530273438e-01
9.531249701976776123e-01
9.506640434265136719e-01
9.543359279632568359e-01
9.578515589237213135e-01
9.480468630790710449e-01
9.019531011581420898e-01
8.864843845367431641e-01
8.535937666893005371e-01
8.403125107288360596e-01
8.643750250339508057e-01
8.781640827655792236e-01
8.613671660423278809e-01
8.641015589237213135e-01
8.726171851158142090e-01
8.825000226497650146e-01
8.785937726497650146e-01
8.708203136920928955e-01
8.543749749660491943e-01
8.391796648502349854e-01
8.459374904632568359e-01
8.285937309265136719e-01
8.083202838897705078e-01
8.101562559604644775e-01
8.320312500000000000e-01
8.383203148841857910e-01
8.427734375000000000e-01
8.449999988079071045e-01
8.281250000000000000e-01
8.319531083106994629e-01
7.994140684604644775e-01
8.047656118869781494e-01
8.101171553134918213e-01
8.141405880451202393e-01
8.248437345027923584e-01
8.425000011920928955e-01
8.401953279972076416e-01
8.044922053813934326e-01
7.908203303813934326e-01
8.078124821186065674e-01
8.149999678134918213e-01
8.119140267372131348e-01
8.141796886920928955e-01
8.089062571525573730e-01
8.093359470367431641e-01
8.057422041893005371e-01
8.007421791553497314e-01
8.007421791553497314e-01
8.039843440055847168e-01
8.142577707767486572e-01
8.266015648841857910e-01
8.420703113079071045e-01
8.546093702316284180e-01
8.460547029972076416e-01
8.223437666893005371e-01
8.206640779972076416e-01
8.532812595367431641e-01
8.714843690395355225e-01
8.493359386920928955e-01
8.368749916553497314e-01
8.344140648841857910e-01
8.299218714237213135e-01
8.321484029293060303e-01
8.398047089576721191e-01
8.188671469688415527e-01
7.479687631130218506e-01
7.323828339576721191e-01
7.082812637090682983e-01
7.015625238418579102e-01
6.833203136920928955e-01
6.747656166553497314e-01
6.910546720027923584e-01
6.731640547513961792e-01
6.745703071355819702e-01
6.621093600988388062e-01
6.902343630790710449e-01
6.801952868700027466e-01
6.854296922683715820e-01
6.969531476497650146e-01
6.662499755620956421e-01
6.778515577316284180e-01
6.776562482118606567e-01
6.791796684265136719e-01
6.839062273502349854e-01
6.736718565225601196e-01
6.661718636751174927e-01
6.806640625000000000e-01
6.881249696016311646e-01
6.862890571355819702e-01
6.869921982288360596e-01
7.261718809604644775e-01
7.400390505790710449e-01
7.377734184265136719e-01
7.446874678134918213e-01
7.495312392711639404e-01
7.653515636920928955e-01
7.676171958446502686e-01
7.653515636920928955e-01
7.509375214576721191e-01
7.350781559944152832e-01
7.351562678813934326e-01
7.166796922683715820e-01
7.233984172344207764e-01
7.290624976158142090e-01
7.287109196186065674e-01
7.032422125339508057e-01
6.728906333446502686e-01
6.874218732118606567e-01
6.807421594858169556e-01
6.837890297174453735e-01
6.625000089406967163e-01
6.682421863079071045e-01
6.544531434774398804e-01
6.451562494039535522e-01
6.407031118869781494e-01
6.508984416723251343e-01
6.871875077486038208e-01
6.807422041893005371e-01
6.712109446525573730e-01
6.780078113079071045e-01
6.747265458106994629e-01
6.902343928813934326e-01
6.982030868530273438e-01
6.962499916553497314e-01
6.990234255790710449e-01
6.967578232288360596e-01
7.157031297683715820e-01
7.189843654632568359e-01
7.120312750339508057e-01
7.151953279972076416e-01
6.715625077486038208e-01
6.825000047683715820e-01
7.486328184604644775e-01
7.531640827655792236e-01
7.705078125000000000e-01
7.749218642711639404e-01
7.803515493869781494e-01
7.830859422683715820e-01
8.025390505790710449e-01
7.865625023841857910e-01
7.865625023841857910e-01
7.859765589237213135e-01
7.859765589237213135e-01
7.859765589237213135e-01
7.865625023841857910e-01
7.865625023841857910e-01
7.739062607288360596e-01
7.605859339237213135e-01
7.425781190395355225e-01
7.293750047683715820e-01
7.183593809604644775e-01
7.147656083106994629e-01
7.251952886581420898e-01
7.260546684265136719e-01
7.239453196525573730e-01
7.213281095027923584e-01
7.169921696186065674e-01
7.199999690055847168e-01
7.280078232288360596e-01
7.264453172683715820e-01
7.200390398502349854e-01
7.364062368869781494e-01
7.676171958446502686e-01
7.676171958446502686e-01
7.676171958446502686e-01
7.640234529972076416e-01
7.555468976497650146e-01
7.443749904632568359e-01
7.407031059265136719e-01
7.634765505790710449e-01
7.634765505790710449e-01
7.634765505790710449e-01
7.649609446525573730e-01
7.583984732627868652e-01
7.773437500000000000e-01
7.943359315395355225e-01
8.070703148841857910e-01
8.135156333446502686e-01
8.251953125000000000e-01
8.307421803474426270e-01
8.179296851158142090e-01
7.914062738418579102e-01
8.094922006130218506e-01
7.995312511920928955e-01
7.832812666893005371e-01
7.846484482288360596e-01
8.086328208446502686e-01
8.157421648502349854e-01
8.108593523502349854e-01
7.900390625000000000e-01
7.961328327655792236e-01
7.885156571865081787e-01
7.666796743869781494e-01
7.585546672344207764e-01
7.602343857288360596e-01
7.641406357288360596e-01
7.936718761920928955e-01
8.028515577316284180e-01
8.021484613418579102e-01
8.437500000000000000e-01
8.517968654632568359e-01
8.671875298023223877e-01
8.749609589576721191e-01
8.685937821865081787e-01
8.497265577316284180e-01
8.437500000000000000e-01
8.314843773841857910e-01
7.891015708446502686e-01
7.762109637260437012e-01
8.005078136920928955e-01
7.932031154632568359e-01
7.687890529632568359e-01
7.487890720367431641e-01
7.219140529632568359e-01
6.933593750000000000e-01
6.894922107458114624e-01
6.783984303474426270e-01
6.514062285423278809e-01
6.329687386751174927e-01
5.102734416723251343e-01
5.069140642881393433e-01
4.405468702316284180e-01
4.232031255960464478e-01
4.404687583446502686e-01
4.478125125169754028e-01
4.494140595197677612e-01
4.750781357288360596e-01
5.505859404802322388e-01
5.525000095367431641e-01
5.814453214406967163e-01
