8.552455220903668609e-01
8.970982006617954641e-01
9.118749925068446727e-01
9.278794356754848094e-01
9.310714176722935109e-01
9.131250040871756735e-01
9.042410680225917430e-01
9.112946476255144868e-01
9.141741139548165140e-01
9.142857108797345367e-01
9.297098261969429789e-01
9.292633874075753031e-01
9.661383799144199758e-01
9.619642666407993703e-01
9.596651451928275289e-01
9.585713999611991110e-01
9.558035475867134867e-01
9.482812370572771821e-01
9.476339135851178375e-01
9.282142775399344625e-01
9.231249775205340180e-01
9.154240914753505320e-01
8.881919724600655375e-01
8.527008976255144868e-01
8.486830336706978617e-01
8.624330418450492086e-01
8.663616180419921875e-01
8.655357020241873922e-01
8.594419615609305563e-01
8.762053591864449320e-01
8.629687513623919282e-01
8.650000095367431641e-01
8.605357067925589742e-01
8.601339203970772562e-01
8.412946292332240672e-01
8.432812520435878367e-01
8.238392727715628805e-01
8.219196285520281586e-01
8.158258880887713227e-01
8.293749945504325094e-01
8.360267877578735352e-01
8.420982190540858836e-01
8.448437452316284180e-01
8.372990914753505320e-01
8.213392836706978617e-01
8.080357142857143016e-01
8.085044452122279734e-01
8.164955036980765524e-01
8.187053373881748586e-01
8.235044479370117188e-01
8.368526697158813477e-01
8.312276942389351664e-01
8.057366098676409516e-01
7.844196557998657227e-01
8.011160578046526703e-01
8.074330091476440430e-01
8.096651520047869477e-01
8.080357142857143016e-01
8.033035823277064891e-01
8.068750074931553273e-01
8.088169608797345367e-01
8.033482006617954641e-01
7.999330248151507172e-01
8.133035387311663422e-01
8.191517591476440430e-01
8.251115935189383688e-01
8.410937445504325094e-01
8.508259057998657227e-01
8.386607340403965383e-01
8.281919785908290477e-01
8.293303591864449320e-01
8.587946551186698141e-01
8.645982061113629547e-01
8.545535632542201609e-01
8.507142918450492086e-01
8.436383860451834860e-01
8.344419683728899750e-01
8.383482013429913726e-01
8.447321483067103953e-01
8.185714142663138571e-01
7.617187670298984914e-01
7.612053666796002593e-01
7.250223330089023976e-01
7.308259010314941406e-01
6.859374982970101176e-01
6.701785666601998148e-01
6.943749955722263723e-01
6.727901612009320464e-01
6.826785547392708597e-01
6.702455197061810699e-01
6.819419520241873922e-01
6.808705244745526519e-01
6.914955377578735352e-01
6.919196588652474222e-01
6.807142921856471629e-01
6.747321401323590484e-01
6.872321282114300933e-01
6.794196367263793945e-01
6.812723108700343699e-01
6.800223248345511617e-01
6.722544601985386281e-01
6.793526666504996481e-01
6.875223006520952973e-01
6.903794578143528371e-01
6.986607313156127930e-01
7.160714353833880219e-01
7.288169690540858836e-01
7.320089169910976024e-01
7.268526724406650930e-01
7.416294642857143016e-01
7.588169574737548828e-01
7.495982136045183930e-01
7.670089176722935109e-01
7.500892877578735352e-01
7.395535877772739797e-01
7.295535802841186523e-01
7.283035857336861429e-01
7.256026778902325836e-01
7.185267891202654633e-01
7.253571408135550680e-01
7.039062465940203461e-01
6.815848265375409332e-01
6.846428428377423492e-01
6.849553329604012308e-01
6.762276547295706930e-01
6.644866040774753957e-01
6.709821479661124410e-01
6.545089312962123484e-01
6.439285704067775340e-01
6.427455289023262797e-01
6.709374955722263723e-01
6.877901894705635844e-01
6.788169741630554199e-01
6.726785727909633250e-01
6.768750037465777192e-01
6.801785656384059520e-01
6.819866129330226512e-01
6.938169513429913726e-01
6.985714094979422750e-01
6.992187500000000000e-01
7.003125122615269094e-01
7.200223207473754883e-01
7.171875068119594188e-01
7.243750095367431641e-01
7.171875068119594188e-01
6.768080421856471629e-01
6.745759078434535594e-01
7.369419676916939554e-01
7.450000047683715820e-01
7.647767748151507172e-01
7.658705370766776266e-01
7.720982176916939554e-01
7.793526819774082570e-01
7.963616166796002593e-01
7.908482210976737203e-01
7.886607136045183930e-01
7.842410632542201609e-01
7.842410632542201609e-01
7.842410632542201609e-01
7.908482210976737203e-01
7.851562500000000000e-01
7.803794656481061187e-01
7.629018000194004445e-01
7.363839149475097656e-01
7.302008867263793945e-01
7.158928513526916504e-01
7.117410642760140238e-01
7.333035639354160695e-01
7.247321265084403219e-01
7.227455207279750438e-01
7.202678578240531149e-01
7.135044591767447653e-01
7.218303510120936961e-01
7.258035625730242524e-01
7.259821380887713227e-01
7.225446360451834860e-01
7.431696312768119039e-01
7.584151881081717672e-01
7.584151881081717672e-01
7.584151881081717672e-01
7.619196517126900492e-01
7.637946605682373047e-01
7.531250034059796539e-01
7.441741057804652781e-01
7.564508914947509766e-01
7.583705357142856984e-01
7.637946435383388133e-01
7.600892952510288625e-01
7.574330568313598633e-01
7.737500156675066743e-01
7.947544710976737203e-01
8.041741166796002593e-01
8.133928605488368602e-01
8.299999918256487641e-01
8.332812445504325094e-01
8.085491146360125336e-01
7.988392966134207906e-01
8.155803680419921875e-01
7.965401751654488383e-01
7.965401751654488383e-01
7.908482210976737203e-01
8.034821408135550680e-01
8.122990812574114594e-01
8.114285469055175781e-01
7.945535693849835601e-01
7.860714367457798391e-01
7.756250245230538187e-01
7.758928537368774414e-01
7.612723112106323242e-01
7.623660905020577250e-01
7.734598261969429789e-01
7.846205404826572805e-01
7.981026853833880219e-01
8.042187520435878367e-01
8.387946401323590484e-01
8.543526785714286031e-01
8.556250163487025828e-01
8.738169840403965383e-01
8.806250265666416555e-01
8.655357020241873922e-01
8.507589272090366750e-01
8.337500095367431641e-01
8.026339496885027680e-01
7.890401908329555125e-01
8.081249850136893453e-01
7.874107020241873922e-01
7.777455363954816070e-01
7.552455323083060446e-01
7.369419506617954641e-01
6.934821520532880035e-01
7.033482279096331391e-01
6.762053625924246969e-01
6.405356952122279734e-01
6.399553503308977875e-01
5.110491088458469777e-01
5.160937564713614645e-01
4.512276819774082570e-01
4.368303588458469777e-01
4.416741132736206055e-01
4.462500044277736277e-01
4.484598210879734426e-01
4.751562561307634547e-01
5.468750085149493012e-01
5.521651847021920023e-01
5.685267874172755809e-01
