8.527343670527139929e-01
9.005598922570546838e-01
9.050781230131784705e-01
9.132161339124044153e-01
9.274088442325592041e-01
9.128255148728688928e-01
9.064973990122476843e-01
9.271484315395355225e-01
9.305338462193807336e-01
9.305338462193807336e-01
9.300260345141092566e-01
9.479817648728688928e-01
9.548046688238779334e-01
9.702864388624826697e-01
9.694270590941110877e-01
9.656510154406229285e-01
9.487629930178324011e-01
9.404166440169016150e-01
9.401041467984517785e-01
9.184765517711639404e-01
9.182421763737996789e-01
9.154296815395355225e-01
8.990234434604644775e-01
8.426822920640310022e-01
8.494010468324025842e-01
8.573567767937978479e-01
8.609505295753479004e-01
8.569010396798452112e-01
8.672265609105428430e-01
8.653124968210855750e-01
8.596223990122476843e-01
8.624348938465118408e-01
8.648567696412404748e-01
8.604166706403096887e-01
8.502213557561238977e-01
8.510937492052713660e-01
8.258072833220163611e-01
8.248567680517832068e-01
8.217317660649617883e-01
8.284244736035665246e-01
8.401562571525573730e-01
8.417708476384481164e-01
8.440104226271311072e-01
8.378515640894571570e-01
8.207031289736429480e-01
8.095182180404663086e-01
8.116536339124044153e-01
8.186328013737996789e-01
8.263541559378305701e-01
8.287630081176757812e-01
8.290885289510091516e-01
8.267317712306976318e-01
8.093489607175191614e-01
7.838541666666666297e-01
8.024218579133352014e-01
8.109635214010874060e-01
8.116536239782968787e-01
8.071223795413970947e-01
8.044401009877523157e-01
8.114583392937978479e-01
8.101301987965902063e-01
8.027864495913187293e-01
7.966145773728688928e-01
8.067838450272878381e-01
8.162630001703897742e-01
8.289322753747304651e-01
8.332161406675974158e-01
8.463932375113168982e-01
8.468489746252695349e-01
8.280859589576721191e-01
8.376432259877523157e-01
8.505859474341074256e-01
8.556510408719381067e-01
8.522135416666666297e-01
8.539192775885263709e-01
8.492708305517832068e-01
8.354947865009307861e-01
8.389583329359689978e-01
8.408593734105428430e-01
8.217447896798452112e-01
7.743099033832550049e-01
7.705599069595336914e-01
7.545833488305410119e-01
7.580338617165883752e-01
6.757812500000000000e-01
6.850260396798452112e-01
6.885025997956594201e-01
6.691796779632568359e-01
6.733463406562805176e-01
6.747265557448068884e-01
6.788411339124044153e-01
6.771874924500783655e-01
6.863411466280618933e-01
6.865104238192240027e-01
6.826822956403096887e-01
6.787760307391484949e-01
6.869791597127914429e-01
6.842187345027923584e-01
6.834114491939544678e-01
6.748567720254262658e-01
6.713151037693023682e-01
6.809374988079071045e-01
6.875911355018615723e-01
6.887760410706201819e-01
6.976562589406967163e-01
7.107552140951156616e-01
7.224739591280618933e-01
7.263411482175191614e-01
7.280598978201547888e-01
7.382421890894571570e-01
7.379166682561238977e-01
7.379166682561238977e-01
7.467578053474426270e-01
7.530078093210855750e-01
7.464713553587595252e-01
7.363020877043405799e-01
7.324869781732559204e-01
7.288020849227905273e-01
7.200130174557367591e-01
7.223697900772094727e-01
7.030859291553497314e-01
6.768229156732559204e-01
6.782942612965902063e-01
6.783463408549627038e-01
6.814062347014745447e-01
6.665234317382177087e-01
6.752474059661229822e-01
6.579817732175191614e-01
6.554687519868215295e-01
6.519010464350382117e-01
6.706510384877523157e-01
6.875130285819371911e-01
6.846224019924799231e-01
6.739843785762786865e-01
6.712630242109298706e-01
6.755468746026357385e-01
6.803385466337203979e-01
6.858723908662796021e-01
6.913671692212423059e-01
6.966666628917058679e-01
6.969010432561238977e-01
7.171874990065892908e-01
7.271875043710073205e-01
7.224348982175191614e-01
7.130338599284490320e-01
6.795052091280618933e-01
6.804687629143396643e-01
7.307682285706201819e-01
7.443098922570546838e-01
7.570182184378305701e-01
7.600650886694589881e-01
7.599088549613952637e-01
7.682161430517832068e-01
7.989974021911621094e-01
7.727734347184499475e-01
7.739062408606210974e-01
7.841145793596903113e-01
7.841145793596903113e-01
7.854427099227905273e-01
7.873437503973642615e-01
7.861588497956594201e-01
7.807161410649617883e-01
7.615234355131784705e-01
7.328385363022485999e-01
7.296093751986821863e-01
7.247786372900009155e-01
7.267968704303106042e-01
7.238150984048843384e-01
7.238150984048843384e-01
7.196874966224034997e-01
7.196874966224034997e-01
7.207682281732559204e-01
7.213541616996129724e-01
7.346354126930236816e-01
7.313801944255828857e-01
7.333984275658925744e-01
7.435156305631002160e-01
7.641927103201547888e-01
7.661458353201547888e-01
7.608463565508524207e-01
7.668880224227905273e-01
7.705468833446502686e-01
7.575651109218597412e-01
7.561588585376739502e-01
7.530338565508524207e-01
7.595052023728688928e-01
7.627473970254262658e-01
7.577994863192240027e-01
7.628125150998433801e-01
7.716536621252695349e-01
7.935546934604644775e-01
8.041406273841857910e-01
8.173046906789144250e-01
8.246223926544189453e-01
8.279036482175191614e-01
8.157291710376739502e-01
8.127994835376739502e-01
8.132682243982950476e-01
8.077343702316284180e-01
8.014713426431020471e-01
7.958723902702331543e-01
7.952343722184499475e-01
8.079817593097686768e-01
8.108984231948852539e-01
7.941406269868215295e-01
7.910156250000000000e-01
7.732812563578287390e-01
7.677343686421712610e-01
7.658072908719381067e-01
7.651562591393789026e-01
7.670963605244954797e-01
7.812890708446502686e-01
7.913151085376739502e-01
8.030078113079071045e-01
8.407031198342641565e-01
8.480338553587595252e-01
8.569531341393789026e-01
8.750260472297668457e-01
8.802864650885263709e-01
8.655208249886831018e-01
8.514973918596903113e-01
8.441276152928670617e-01
8.121614754199981689e-01
7.915755212306976318e-01
7.987239460150400427e-01
7.880599002043405799e-01
7.751822968324025842e-01
7.502734263737996789e-01
7.476432224114736291e-01
6.989062577486038208e-01
6.955989648898442956e-01
6.767968783775965003e-01
6.460286378860473633e-01
6.456640561421712610e-01
5.552604148785272864e-01
4.900520841280619488e-01
4.638411452372868671e-01
4.516796867052714215e-01
4.459244857231776105e-01
4.504036555687586652e-01
4.538281261920928955e-01
4.783723950386047363e-01
5.249348978201547888e-01
5.604817668596903113e-01
5.651302039623260498e-01
