8.568645795186360381e-01
8.976874987284342300e-01
9.009687503178914758e-01
9.089062452316284402e-01
9.185104052225748772e-01
9.071145772933959517e-01
9.034687519073486550e-01
9.240312417348225393e-01
9.321979045867919700e-01
9.348437388737996789e-01
9.379791577657063950e-01
9.487604061762492380e-01
9.607708136240641350e-01
9.702603975931803904e-01
9.711978912353516069e-01
9.667083104451497100e-01
9.525624752044677956e-01
9.427708148956298606e-01
9.272812287012736077e-01
9.171145677566527876e-01
9.185416618982951142e-01
9.215104182561238977e-01
8.935416698455810325e-01
8.606562534968058564e-01
8.493333419164021958e-01
8.580104271570841989e-01
8.618333498636882029e-01
8.563750028610229714e-01
8.624687433242798074e-01
8.644687493642171372e-01
8.593854188919067827e-01
8.595312515894572014e-01
8.626249949137370088e-01
8.583437522252400642e-01
8.540104150772094282e-01
8.587187528610229492e-01
8.274583260218302261e-01
8.214583317438761689e-01
8.244374990463256836e-01
8.186249971389770730e-01
8.430520852406819809e-01
8.427395979563395700e-01
8.339791774749756303e-01
8.383020877838134322e-01
8.195729176203410127e-01
8.122604052225749216e-01
8.144791523615518836e-01
8.210729042689005608e-01
8.256666580835978486e-01
8.246249914169311301e-01
8.265833298365274917e-01
8.234375000000000444e-01
8.139062484105428208e-01
7.895416657129923355e-01
7.965104023615519058e-01
8.113854010899861358e-01
8.115520636240641794e-01
8.124374866485595259e-01
8.062812487284342078e-01
8.155833323796589651e-01
8.109374920527140373e-01
8.107916593551636186e-01
7.996562401453654045e-01
8.091979106267292998e-01
8.168958187103271262e-01
8.263020674387614450e-01
8.347083330154418945e-01
8.395104249318440237e-01
8.416250149408975867e-01
8.334791819254557810e-01
8.415520826975504409e-01
8.484687566757201926e-01
8.584583282470703569e-01
8.587291638056436804e-01
8.510208368301391824e-01
8.429166634877522934e-01
8.401770830154419167e-01
8.367708285649617661e-01
8.417916695276895789e-01
8.193229118982950920e-01
7.805000066757201704e-01
7.682395974795023230e-01
7.651666800181070593e-01
7.614270846048990515e-01
6.866354227066040483e-01
6.916562398274739287e-01
6.869166652361552439e-01
6.753645737965902063e-01
6.757291555404663086e-01
6.715416590372721428e-01
6.810624957084655540e-01
6.775729139645894072e-01
6.843125065167744436e-01
6.845729231834412065e-01
6.834687511126200654e-01
6.802916646003722700e-01
6.902083277702331099e-01
6.796145717302958245e-01
6.847812453905741670e-01
6.790104150772094949e-01
6.727291663487752205e-01
6.784166653951009263e-01
6.888229052225748328e-01
6.886770844459533247e-01
6.976666768391927009e-01
7.065625071525574175e-01
7.155208388964334754e-01
7.223437547683715376e-01
7.212187488873799124e-01
7.313437541325886748e-01
7.405208349227905273e-01
7.382812500000000000e-01
7.439375003178914092e-01
7.485729138056437248e-01
7.452708323796589651e-01
7.398125012715657256e-01
7.345833261807759307e-01
7.323645830154419389e-01
7.239062507947285896e-01
7.230104088783264604e-01
7.110833247502644783e-01
6.801354130109150686e-01
6.744270761807759085e-01
6.771458228429158011e-01
6.859062393506367705e-01
6.701874931653341028e-01
6.719583392143249068e-01
6.626562555631001494e-01
6.592291673024495147e-01
6.552812496821085464e-01
6.733854174613952415e-01
6.829583406448364036e-01
6.813333392143249290e-01
6.754375060399373520e-01
6.722604155540465865e-01
6.736458301544189231e-01
6.795416673024495813e-01
6.887291630109151352e-01
6.889687379201253625e-01
6.970000028610229270e-01
7.038229147593180191e-01
7.181979139645894294e-01
7.224583387374877708e-01
7.157291650772095171e-01
7.091250022252401086e-01
6.834583401679992232e-01
6.818229317665099876e-01
7.272499998410543176e-01
7.401770830154419389e-01
7.488854090372721872e-01
7.568854014078776338e-01
7.593750000000000222e-01
7.673958301544189231e-01
8.008020877838134544e-01
7.694687445958455774e-01
7.711770772933960183e-01
7.789166609446207534e-01
7.841458320617675781e-01
7.864479144414265877e-01
7.886145830154418501e-01
7.908645788828532197e-01
7.772708336512247351e-01
7.620624939600626480e-01
7.395416696866353723e-01
7.282812436421711721e-01
7.283333261807759529e-01
7.292812466621398926e-01
7.308020790417989465e-01
7.300208290417988799e-01
7.185937484105427986e-01
7.145624955495198938e-01
7.273124972979227998e-01
7.291875004768371138e-01
7.305416623751322946e-01
7.309999903043110647e-01
7.359374920527140818e-01
7.452500025431315622e-01
7.605937560399372854e-01
7.628958304723103545e-01
7.624791701634724417e-01
7.682187477747599580e-01
7.682187477747599580e-01
7.632604201634725083e-01
7.552916685740153069e-01
7.590729236602783425e-01
7.632812500000000222e-01
7.664687554041544892e-01
7.630729198455810103e-01
7.655312538146972212e-01
7.751354297002156502e-01
7.842395941416422378e-01
8.059895833333333703e-01
8.163437525431315178e-01
8.216562509536743386e-01
8.242395798365275139e-01
8.155520836512247795e-01
8.164687474568684822e-01
8.106666644414265432e-01
8.095208326975504853e-01
8.030729055404662864e-01
7.995312452316284402e-01
7.978437423706055132e-01
8.090312401453654267e-01
8.088333209355672571e-01
7.947916746139526145e-01
7.864062547683715598e-01
7.679791688919067605e-01
7.650833288828532419e-01
7.709166606267293664e-01
7.677604198455810769e-01
7.680833419164021514e-01
7.798645893732706336e-01
7.933541695276896677e-01
7.993125041325886970e-01
8.368854125340779992e-01
8.448333342870076867e-01
8.550104220708211189e-01
8.812395890553792466e-01
8.836249987284342522e-01
8.654479106267293220e-01
8.533958276112874053e-01
8.440416733423868889e-01
8.172291755676269753e-01
8.012708346048991181e-01
8.015937487284342522e-01
7.886145909627279016e-01
7.807291746139526367e-01
7.501979112625122292e-01
7.468333323796589873e-01
6.997083425521850586e-01
6.993437568346659861e-01
6.816041668256124231e-01
6.439479112625121626e-01
6.473749915758768569e-01
5.668854117393493652e-01
4.953958352406819809e-01
4.668645819028218735e-01
4.560937523841858132e-01
4.457812547683716042e-01
4.473541736602782981e-01
4.560416698455810325e-01
4.812291661898295270e-01
5.156250000000000000e-01
5.546562472979227332e-01
5.732708295186360603e-01
