8.563727651323590484e-01
8.985825862203326020e-01
9.011718715940203461e-01
9.067075848579406738e-01
9.191629375730242524e-01
9.093638317925589742e-01
9.074553591864449320e-01
9.197767802647182078e-01
9.301897202219281402e-01
9.363839200564793019e-01
9.347209760120936961e-01
9.492633853639874664e-01
9.590066756520952973e-01
9.710379242897033691e-01
9.714173844882419973e-01
9.693861348288399515e-01
9.542298827852521148e-01
9.427008713994707856e-01
9.301115870475769043e-01
9.168973054204668793e-01
9.181249908038547902e-01
9.208816971097674164e-01
8.896205425262451172e-01
8.556808062962123484e-01
8.484040243285042582e-01
8.567522423607962789e-01
8.625892996788024902e-01
8.567410707473754883e-01
8.646205323083060446e-01
8.638727664947509766e-01
8.614843743188040914e-01
8.601227658135550680e-01
8.649999925068446727e-01
8.596651809556143942e-01
8.529575892857143016e-01
8.601227743285042582e-01
8.283705285617283254e-01
8.245982101985386281e-01
8.238727705819266500e-01
8.238058005060467925e-01
8.416629518781389985e-01
8.431361743382045359e-01
8.416741149766104879e-01
8.383482183728899750e-01
8.197321466037205129e-01
8.118973118918282328e-01
8.128236447061810699e-01
8.213057943752833934e-01
8.260937418256487641e-01
8.257142731121608348e-01
8.286495464188712301e-01
8.234598210879734426e-01
8.135714275496346293e-01
7.883593780653816996e-01
7.967522144317626953e-01
8.121428404535565582e-01
8.122209651129586039e-01
8.116740924971443949e-01
8.049218739782061371e-01
8.115066971097674164e-01
8.116629379136222067e-01
8.086272222655159769e-01
7.980803506714957418e-01
8.088057977812630472e-01
8.185602511678423676e-01
8.283035584858485789e-01
8.318303568022591410e-01
8.410044738224574656e-01
8.498660836900983062e-01
8.337165372712271871e-01
8.406138420104980469e-01
8.499553629330226512e-01
8.573549049241202535e-01
8.586495518684387207e-01
8.503906301089695363e-01
8.449330329895019531e-01
8.390401772090366750e-01
8.348437462534222808e-01
8.416071449007306304e-01
8.196540134293692770e-01
7.788839340209960938e-01
7.657924251896994772e-01
7.626227821622576508e-01
7.661941988127571879e-01
6.840848241533551422e-01
6.863839200564793019e-01
6.876004465988704295e-01
6.725111518587384429e-01
6.764508826392037211e-01
6.724665079798016754e-01
6.818638358797345367e-01
6.777455338409968943e-01
6.829129500048500834e-01
6.843303654875073638e-01
6.848660707473754883e-01
6.816852646214621725e-01
6.884151739733559427e-01
6.797767749854496389e-01
6.837499950613293853e-01
6.783705353736877441e-01
6.708370532308306489e-01
6.786272312913622651e-01
6.869307926722935109e-01
6.875892835003989401e-01
6.997321546077728271e-01
7.064843816416603861e-01
7.191406318119594188e-01
7.200334838458469777e-01
7.215290197304317088e-01
7.350669673510960012e-01
7.380245583398001852e-01
7.422209807804652781e-01
7.465290171759468851e-01
7.464732101985386281e-01
7.472098214285713969e-01
7.378013389451163473e-01
7.357589219297681060e-01
7.341294629233223734e-01
7.243191983018603120e-01
7.203794590064457326e-01
7.098437377384730906e-01
6.803348192146846385e-01
6.742968686989375682e-01
6.769977552550179301e-01
6.856026692049843607e-01
6.695982090064457326e-01
6.729129510266440573e-01
6.613950942243848052e-01
6.577120551041194529e-01
6.527901802744183746e-01
6.714062477861132416e-01
6.853459903172084422e-01
6.794866110597338471e-01
6.758370612348828521e-01
6.710937491485050588e-01
6.734598193849835601e-01
6.785937547683715820e-01
6.879799067974090576e-01
6.918303455625262055e-01
6.965066960879734426e-01
6.994196431977408590e-01
7.169754462582724752e-01
7.252678615706307230e-01
7.189174081598009858e-01
7.122098250048500834e-01
6.806808071477072897e-01
6.818080501896994772e-01
7.271651753357478709e-01
7.414508887699672313e-01
7.514508877481732574e-01
7.592633792332240672e-01
7.580468739782061371e-01
7.647321394511631398e-01
7.990067005157470703e-01
7.724999955722263723e-01
7.706919567925589742e-01
7.773549045835222993e-01
7.858258911541530223e-01
7.858258911541530223e-01
7.872321435383388133e-01
7.896428533962794871e-01
7.759933045932224660e-01
7.658035670007977691e-01
7.356696426868438721e-01
7.277455329895019531e-01
7.255580297538212209e-01
7.275334809507641998e-01
7.309709744794028463e-01
7.278348164899008932e-01
7.223549102033887115e-01
7.143526758466448578e-01
7.254241066319602194e-01
7.289620510169437795e-01
7.283147275447845459e-01
7.352790066174098582e-01
7.336495433534894195e-01
7.465290171759468851e-01
7.621093818119594188e-01
7.619977678571429047e-01
7.616741146360125336e-01
7.663950834955487457e-01
7.678236620766776266e-01
7.631696462631225586e-01
7.579910755157470703e-01
7.567633986473083496e-01
7.631919639451163473e-01
7.645200916699000926e-01
7.623325926916939554e-01
7.667299168450492086e-01
7.733035853930881887e-01
7.871986712728228364e-01
8.068638358797345367e-01
8.170758996691022125e-01
8.236941950661795797e-01
8.230915154729571137e-01
8.179241078240531149e-01
8.172098227909633250e-01
8.107589227812630472e-01
8.095312459128243265e-01
8.028571350233895121e-01
8.011607101985386281e-01
7.961383887699672313e-01
8.109374897820609274e-01
8.073772192001342773e-01
7.948660765375409332e-01
7.858816981315612793e-01
7.710714340209960938e-01
7.666741013526916504e-01
7.686830333300999074e-01
7.675558073180062113e-01
7.689285789217267242e-01
7.811607207570757661e-01
7.946875010217938629e-01
8.011607187134879293e-01
8.381584797586713043e-01
8.466071401323590484e-01
8.542633993285042582e-01
8.770647389548165140e-01
8.782700896263122559e-01
8.667633874075753031e-01
8.520312479564121633e-01
8.450446469443184672e-01
8.157031365803310008e-01
7.992187482970101176e-01
7.990848166601998148e-01
7.882589357239859762e-01
7.791741149766104879e-01
7.517968671662467184e-01
7.469977651323590484e-01
6.989955476352146535e-01
6.961160770484379201e-01
6.864843751702990327e-01
6.464955295835222993e-01
6.450557964188712301e-01
5.623549052647182078e-01
4.947098238127572434e-01
4.661160707473754883e-01
4.562276814665113256e-01
4.471317018781389430e-01
4.494196517126901047e-01
4.566406267029898269e-01
4.826227681977408035e-01
5.191183047635214987e-01
5.543526751654488383e-01
5.691741023744855132e-01
