8.573437465561760673e-01
8.927256994777255095e-01
8.997656239403618583e-01
9.067795144187079659e-01
9.119791587193807336e-01
9.021354118982950476e-01
8.994878464274935759e-01
9.217968649334378206e-01
9.415798452165391463e-01
9.422742923100789758e-01
9.346180425749884835e-01
9.399131801393296737e-01
9.623350501060485840e-01
9.703038003709580916e-01
9.678558839692009697e-01
9.683246347639296037e-01
9.550520645247565499e-01
9.469531046019660225e-01
9.331857429610358468e-01
9.248524109522501258e-01
9.275781181123521346e-01
9.194618066151937219e-01
8.870920141537984582e-01
8.552604251437716520e-01
8.490451441870795479e-01
8.602517445882161828e-01
8.608159820238748816e-01
8.591145939297146761e-01
8.624652756585015068e-01
8.624652756585015068e-01
8.573437531789144250e-01
8.567621509234110144e-01
8.612413207689920691e-01
8.543923629654778251e-01
8.578124973509047013e-01
8.553819457689920691e-01
8.278038170602586288e-01
8.235243029064602815e-01
8.265624973509047013e-01
8.195138904783461076e-01
8.413020835982428780e-01
8.427083426051669157e-01
8.358767429987589148e-01
8.367968797683715820e-01
8.210590216848585587e-01
8.134722113609313965e-01
8.140538069936964494e-01
8.192534645398458215e-01
8.234548502498202360e-01
8.265624907281663436e-01
8.263281252649095077e-01
8.227517406145731238e-01
8.109288215637207031e-01
7.908072935210334053e-01
7.998871405919393274e-01
8.095746437708536414e-01
8.096180425749884835e-01
8.111371397972106934e-01
8.077864580684237517e-01
8.151388896836174736e-01
8.101388812065124512e-01
8.103298544883728027e-01
8.005381888813443148e-01
8.086371488041348421e-01
8.165972100363837471e-01
8.236110938919914970e-01
8.338368071450127372e-01
8.420833415455288851e-01
8.406597375869750977e-01
8.298784825536940080e-01
8.393402761883206331e-01
8.487413194444444198e-01
8.617447879579331893e-01
8.548958301544189453e-01
8.530902862548828125e-01
8.438975612322489050e-01
8.415017326672872278e-01
8.407725691795349121e-01
8.422222203678555452e-01
8.231857617696126672e-01
7.843836877081129533e-01
7.692014012071821671e-01
7.733246617847018278e-01
7.680989570087857210e-01
6.947569449742635461e-01
6.893142296208275566e-01
6.890277829435136336e-01
6.735069354375203821e-01
6.726215183734893799e-01
6.721788148085275916e-01
6.840538183848062781e-01
6.800520850552452812e-01
6.848437554306454622e-01
6.859375006622738802e-01
6.794184048970540735e-01
6.835590269830491561e-01
6.870052052868736991e-01
6.829947829246520996e-01
6.836197839842902413e-01
6.825347211625840682e-01
6.770833333333333703e-01
6.777430507871839982e-01
6.901388830608792269e-01
6.856597231494055977e-01
7.018489638964334754e-01
7.106597257985008964e-01
7.140451404783461076e-01
7.197048664093017578e-01
7.236197955078549349e-01
7.259635461701287040e-01
7.326562503973642615e-01
7.368923624356588098e-01
7.407899300257364539e-01
7.412065996064080009e-01
7.415624989403618583e-01
7.383593784438239327e-01
7.344444427225325089e-01
7.336892353163825264e-01
7.267100711663564416e-01
7.238802082008786165e-01
7.066666583220163611e-01
6.877864632341597062e-01
6.744704809453752059e-01
6.793055468135409392e-01
6.877170039547814140e-01
6.715364522404141390e-01
6.697048644224802283e-01
6.585243079397413712e-01
6.623871558242373503e-01
6.582812468210855750e-01
6.710416707727644425e-01
6.799913280540041960e-01
6.831510497464073906e-01
6.750954919391207731e-01
6.756857666704390031e-01
6.738628447055816650e-01
6.785156230131784705e-01
6.855989529026879081e-01
6.890711751249101180e-01
6.981684035725064241e-01
7.073524263170030135e-01
7.186111112435659143e-01
7.153298656145731238e-01
7.165104084544711149e-01
7.119270828035142440e-01
6.833507021268209192e-01
6.796007057030996057e-01
7.275520794921450651e-01
7.397916648122999650e-01
7.478124896685282019e-01
7.562933961550394324e-01
7.537760337193807336e-01
7.668055494626363489e-01
8.011545141537984582e-01
7.676996456252204171e-01
7.629340224795870817e-01
7.733420067363314665e-01
7.776302033000521696e-01
7.884027759234110144e-01
7.902083330684237517e-01
7.890017363760206681e-01
7.757899297608269462e-01
7.558246519830491561e-01
7.381249997350904923e-01
7.276302046245999300e-01
7.213975621594322929e-01
7.350607613722482947e-01
7.355902757909562606e-01
7.358506951067183000e-01
7.230555547608269462e-01
7.128124965561760673e-01
7.314930525090959090e-01
7.327083316114213485e-01
7.352517346541086463e-01
7.352083292272355575e-01
7.419010334544711149e-01
7.462152772479586638e-01
7.593923608462015418e-01
7.618489596578810197e-01
7.662673592567443848e-01
7.672916650772094727e-01
7.710590296321444548e-01
7.638541658719381067e-01
7.611805531713697892e-01
7.599565982818603516e-01
7.626215285725064241e-01
7.677777806917825965e-01
7.634895841280618933e-01
7.670572929912142790e-01
7.740364670753479004e-01
7.839062611262003211e-01
8.045746551619635811e-01
8.134114609824286690e-01
8.183506925900777551e-01
8.227430515819125212e-01
8.153038223584493371e-01
8.138541579246520996e-01
8.135763870345221749e-01
8.125086757871839982e-01
8.073350588480631140e-01
8.005034658643934709e-01
8.008420070012410852e-01
8.057638804117838172e-01
8.053558932410346261e-01
7.921875052981905974e-01
7.880555589993795129e-01
7.740191022555032996e-01
7.692361142900254745e-01
7.656510339842902413e-01
7.654687497350904923e-01
7.692708373069763184e-01
7.769357694519890556e-01
7.902430627081129533e-01
7.991406255298190153e-01
8.337065974871317175e-01
8.459809091356065291e-01
8.557899395624796179e-01
8.778645859824286690e-01
8.796614540947808036e-01
8.684201372994316825e-01
8.523263865047030485e-01
8.407118121782938269e-01
8.127517369058396834e-01
8.080295125643411902e-01
8.040104177263047713e-01
7.916579908794827425e-01
7.828298674689398995e-01
7.549218734105428430e-01
7.492447959052191964e-01
7.009548710452185860e-01
6.998524367809295654e-01
6.811284720897674561e-01
6.472308966848585587e-01
6.446267300181918181e-01
5.805295109748840332e-01
5.021874970859951937e-01
4.692795111073387870e-01
4.576475719610850201e-01
4.476996594005160923e-01
4.486632015970017928e-01
4.557204908794826870e-01
4.808940986792246686e-01
5.106857617696126672e-01
5.471527742014991036e-01
5.757638878292508089e-01
