3.183456345079860861e-01
3.145782537980314486e-01
3.139230537543244992e-01
3.241605641710691432e-01
3.261261643021897694e-01
3.246519603054053849e-01
3.232596582592112133e-01
3.300573567347829806e-01
3.419328672444147954e-01
3.482391773989182426e-01
3.496314794287322392e-01
3.510237814667363510e-01
3.543816836358609224e-01
3.554463856520115872e-01
3.661752921785225157e-01
3.757576025515602658e-01
3.782965085644953152e-01
3.747748102992679575e-01
3.669124019942776038e-01
3.740377083049706841e-01
3.855037090288906954e-01
3.980344196067994167e-01
4.055692200684783422e-01
3.949221998578319459e-01
3.933661017237251034e-01
4.005733099931986230e-01
3.949222076874799314e-01
3.960688116542209203e-01
3.982801098402245499e-01
3.995905099194482224e-01
4.072072201613654019e-01
4.110565340667921008e-01
4.116298321599087262e-01
4.137592283953220318e-01
4.232596367931993897e-01
4.357084453959477188e-01
4.381654494582924997e-01
4.458640538457221414e-01
4.414414496604467386e-01
4.356265512422454189e-01
4.410319554767009875e-01
4.143325342689465618e-01
3.970516273217470360e-01
3.964783214399325573e-01
4.027027296438457360e-01
3.779689007457539551e-01
3.589680761203511428e-01
3.782145988252070268e-01
3.957412194538253991e-01
4.094185417871729626e-01
4.083538319659444360e-01
4.025389179293971664e-01
3.970516117197811501e-01
4.113022477645911779e-01
4.095004359163053054e-01
4.093366319987446489e-01
4.090909339356715857e-01
4.030303218524312059e-01
3.840295050402963151e-01
3.617526802209292680e-01
3.642096764618160121e-01
3.640458803575233326e-01
3.594594800597653017e-01
3.665847941673463506e-01
3.481572832370258275e-01
3.432432673072584595e-01
3.502047853269267819e-01
3.380835611194959456e-01
3.520065737108387105e-01
3.554463778305537724e-01
3.486486637284461065e-01
3.428337653266246843e-01
3.391482631356466104e-01
3.402129573467192469e-01
3.394758553442320248e-01
3.351351531341171808e-01
3.408681495935382277e-01
3.282555526997651407e-01
3.368550630154326653e-01
3.319410548907431591e-01
3.446355615401845429e-01
3.486486715662840408e-01
3.581490799723514584e-01
3.636363861819674748e-01
3.704340846493491268e-01
3.761670889220382064e-01
3.898444034421179039e-01
4.077805260595599446e-01
4.110565262699042988e-01
4.176904442677190077e-01
4.181818481989431069e-01
4.209664444616833534e-01
4.208026483492006142e-01
4.207207307720744471e-01
4.228501348125657811e-01
4.102375223086366929e-01
4.073710318921941465e-01
3.932023056194324240e-01
3.859132032044466643e-01
3.855856109958611388e-01
3.820639049255558084e-01
3.939394154269975634e-01
3.972973175879322416e-01
3.921376114083597320e-01
3.877149994261965826e-01
3.774774890258319471e-01
3.584766721891270436e-01
3.651105823654839377e-01
3.757576025515602103e-01
3.628992919763681657e-01
3.570024759810405679e-01
3.378378630482328782e-01
3.420966633241375177e-01
3.348894628761219794e-01
3.313677489761686079e-01
3.311220431162076872e-01
3.461097733748069172e-01
3.508599775655557029e-01
3.570024838106883869e-01
3.589680917468869858e-01
3.460278713914566873e-01
3.460278713914566873e-01
3.498771774999953621e-01
3.569205818437181099e-01
3.678132922877896394e-01
3.810811126568834362e-01
3.778870066002415484e-01
3.741196102555610081e-01
3.810811126568834917e-01
3.816544185550778678e-01
3.683046962353938025e-01
3.653562960469028953e-01
3.588861975849946262e-01
3.434889653703316337e-01
3.417690554972061534e-01
3.273546389664492851e-01
3.266175369639620629e-01
3.179361364339862717e-01
3.151515284513440873e-01
3.097461359204103926e-01
3.138411439904661981e-01
3.233415602098017039e-01
3.218673640262851299e-01
3.230139680012161230e-01
3.212121639907682402e-01
3.280098702877979888e-01
3.325962627640980385e-01
3.356265649031792697e-01
3.246519525003274675e-01
3.306306626247874636e-01
3.261261486674638110e-01
3.271089643513700462e-01
3.339066628187517538e-01
3.266175604201458915e-01
3.180999520714487550e-01
3.128583439249059128e-01
3.209664620210612163e-01
3.124488458509060984e-01
3.099099359313371438e-01
2.995905235558121715e-01
2.874693110846633370e-01
2.882883150459309429e-01
2.946765193459467413e-01
2.932023192476062579e-01
2.734643926197162789e-01
2.766584986845482264e-01
2.809172989522628061e-01
2.881245111201801157e-01
2.853399148574399802e-01
2.749386044297686960e-01
2.722358944910829304e-01
2.762489966957243914e-01
2.731367926060528362e-01
2.608517840224212625e-01
2.516789756382072363e-01
2.485667754387897166e-01
2.500409755371301168e-01
2.592956858801244713e-01
2.621621880164689555e-01
2.957412252605413627e-01
2.929566172615192809e-01
2.917281191328858214e-01
2.904996131991745001e-01
2.978706175729407546e-01
2.963145155321998403e-01
2.912367152098517264e-01
2.841114010940807288e-01
2.882883033014589369e-01
2.515151677976325550e-01
2.563472856834435598e-01
2.393939670381956542e-01
2.415233749935109253e-01
2.556101836973364017e-01
