3.139698336591660310e-01
3.211653550500073728e-01
3.157248588903135422e-01
3.244998678470318310e-01
3.257283637257529785e-01
3.276588763764697321e-01
3.259038511628722934e-01
3.332748599908330056e-01
3.436293732210452534e-01
3.499473735898542825e-01
3.504738861820136386e-01
3.460863817036544665e-01
3.553879032349820943e-01
3.601263993653972539e-01
3.634608953670546150e-01
3.825904174837851390e-01
3.868024177472078051e-01
3.764479212772626204e-01
3.764479212772626204e-01
3.673219039784214046e-01
3.850474092763273015e-01
4.025974271371138835e-01
4.101439234372939446e-01
3.927694097563438347e-01
4.010179061033528058e-01
3.985609143283606604e-01
3.959284016132649242e-01
4.018954103475680384e-01
4.013689144981257839e-01
4.022464020171739874e-01
4.055809147615484500e-01
4.080379232617076246e-01
4.120744360880109203e-01
4.124254277400667967e-01
4.271674286708210810e-01
4.478764550961456536e-01
4.526149679517277313e-01
4.592839767328597000e-01
4.512109510978031812e-01
4.368199418366547904e-01
4.440154464672289580e-01
4.015444354031291740e-01
3.883819052955347906e-01
4.003159227992410529e-01
3.975079226294759849e-01
3.685503998922425306e-01
3.611793743215648278e-01
3.773254087963107684e-01
3.936469307432761688e-01
4.017199229104487235e-01
4.094419233904652566e-01
3.955773932360420742e-01
3.948753931892133862e-01
4.082134442193611212e-01
4.089154442486398477e-01
4.080379400044246152e-01
4.113724360411820657e-01
4.034749313637790991e-01
3.771499046164743518e-01
3.599508784252936633e-01
3.618813743683935713e-01
3.560898698139268737e-01
3.518778528253372895e-01
3.625833911403893994e-01
3.431028773365029649e-01
3.313443640477330421e-01
3.313443640477330421e-01
3.357318517658250956e-01
3.552123822948786702e-01
3.504738694217466310e-01
3.408213562559129772e-01
3.422253730922876214e-01
3.374868602542556162e-01
3.397683645745784298e-01
3.446823648848298949e-01
3.346788433417735020e-01
3.346788433417735575e-01
3.267813554246375984e-01
3.359073559632116401e-01
3.359073559632116401e-01
3.432783480660053788e-01
3.515268778808982586e-01
3.581958866795802998e-01
3.678483831026966855e-01
3.762723836470921457e-01
3.739908960519363057e-01
3.948754098968302872e-01
4.090909317208594187e-01
4.138294445764413854e-01
4.159354447169277269e-01
4.154089488499352889e-01
4.159354446993775989e-01
4.197964533107444440e-01
4.147069320779395718e-01
4.147069320779395718e-01
4.136539236363378502e-01
3.987364017654800308e-01
3.922429139244515417e-01
3.827659049735546160e-01
3.738153918720999447e-01
3.850474092938774850e-01
3.883819053130848631e-01
3.932959056233363282e-01
3.929449139537304347e-01
3.868024010395907930e-01
3.829413924282240034e-01
3.636363828217240579e-01
3.685503831319754675e-01
3.674973914330908475e-01
3.615303994239546514e-01
3.543348780331134762e-01
3.488943818734196456e-01
3.478413567066508949e-01
3.292383639072467560e-01
3.164268421768752781e-01
3.181818339401387141e-01
3.462618692109740159e-01
3.527553737771694231e-01
3.546858864629863772e-01
3.548613906603727552e-01
3.448578690646663669e-01
3.453843816743757400e-01
3.539838696558905151e-01
3.534573905667152127e-01
3.743419044116092498e-01
3.894349304798536138e-01
3.848719218392079866e-01
3.729379043179516517e-01
3.827659216811715726e-01
3.806599215582352480e-01
3.632853911872181429e-01
3.646893912633257240e-01
3.622323994707835615e-01
3.485433734786466675e-01
3.381888602835343982e-01
3.285363471177009109e-01
3.216918341567326367e-01
3.220428258087885132e-01
3.106353376575086145e-01
2.978238326698540717e-01
3.153738505130906922e-01
3.253773553134299834e-01
3.227448760662183780e-01
3.213408760076608139e-01
3.213408759725607244e-01
3.325728599615542791e-01
3.315198682802196761e-01
3.315198682802196761e-01
3.292383639598968625e-01
3.332748432832160490e-01
3.220428425515055038e-01
3.320463641121119691e-01
3.380133560861480757e-01
3.244998678119316859e-01
3.232713719156606325e-01
3.095823459586238835e-01
3.153738588493490425e-01
3.085293458708306957e-01
3.050193456717868457e-01
2.981748159330015469e-01
2.848368067245460877e-01
2.918568155290924282e-01
2.929098239706940943e-01
2.965953032881489260e-01
2.693927973931544706e-01
2.734293018305492540e-01
2.806247981073149433e-01
2.862408151895622366e-01
2.832573191937691748e-01
2.723763017778561002e-01
2.793963021934938173e-01
2.832573024335021117e-01
2.604422842741497823e-01
2.541242838877907362e-01
2.502632752764239465e-01
2.455247707922004197e-01
2.506142752998383183e-01
2.590382841980422568e-01
2.637767970360742065e-01
2.990523452737421928e-01
2.927343364984746898e-01
2.841348234028843178e-01
2.881713194689205504e-01
3.025623203762605740e-01
2.941383114956067080e-01
2.911548154822636292e-01
2.902773112380484521e-01
2.827307982302513234e-01
2.323622573922230206e-01
2.448227791167301715e-01
2.348192659274822847e-01
2.388557703648770125e-01
2.504387794562604186e-01
