3.185913390793857491e-01
3.144281002028391225e-01
3.151788551293873697e-01
3.247338622505356875e-01
3.273956173045622919e-01
3.245291073604097964e-01
3.222086039569113658e-01
3.274638559215909961e-01
3.437073667034918900e-01
3.469151217871158099e-01
3.497816252065615861e-01
3.489626251587530925e-01
3.537401352235589047e-01
3.525798770141655436e-01
3.626126390300009605e-01
3.753071495888062881e-01
3.785831563047472592e-01
3.733961559860345947e-01
3.637046521113089792e-01
3.753071560998629264e-01
3.838384147804834168e-01
3.977614156751292374e-01
4.030849192584758378e-01
3.933251507361450461e-01
3.877286471345872121e-01
3.988534092369173667e-01
3.943489121987860946e-01
3.958504155476509356e-01
3.972836607531421982e-01
4.003549190763638910e-01
4.092274228896309873e-01
4.084766809783709207e-01
4.107971778708127686e-01
4.147556813835783229e-01
4.252661983145757940e-01
4.311356954301130973e-01
4.402129476292744314e-01
4.444444511534262343e-01
4.435572059775323428e-01
4.368004506708128010e-01
4.370051990362320837e-01
4.168031847483906205e-01
3.972836737547804642e-01
3.966694221065161230e-01
4.032214290205163310e-01
3.787879046974664821e-01
3.629538841831225215e-01
3.798116531584693756e-01
3.940759186984565399e-01
4.107971908997509747e-01
4.101146876123447083e-01
4.054054161509176302e-01
3.972154156318818963e-01
4.088861907790977135e-01
4.086131842361797606e-01
4.089544293756512960e-01
4.095004359163053609e-01
4.043816742146214560e-01
3.833606533747398459e-01
3.658886327579536357e-01
3.657521294933198108e-01
3.650696326964951166e-01
3.635681358518618178e-01
3.688233943071230758e-01
3.485531283801395763e-01
3.473246250494859133e-01
3.493038768024561702e-01
3.417281149300465115e-01
3.518973737131092516e-01
3.558558772122248914e-01
3.473246120205477072e-01
3.394076115333730659e-01
3.398853664417101905e-01
3.396806115447593144e-01
3.384521082072805553e-01
3.389981082641779775e-01
3.392028501390156325e-01
3.284193461982701789e-01
3.357221145703502829e-01
3.335381079272541904e-01
3.446628634980527517e-01
3.486896186363102057e-01
3.574256257028250450e-01
3.667076393031687975e-01
3.671171360681323437e-01
3.756483947419278491e-01
3.850668985847922610e-01
4.056784226733605170e-01
4.101829262157233869e-01
4.185094430146813482e-01
4.210347013014805739e-01
4.215124496987610048e-01
4.226726948860412003e-01
4.248566885206741528e-01
4.209664301428188704e-01
4.135271715350430921e-01
4.077259325628793118e-01
3.956456606507000595e-01
3.863636535614129452e-01
3.870461633598758500e-01
3.867731568442580592e-01
3.941441638128918568e-01
3.942806605664691544e-01
3.928474153609778918e-01
3.873874020087657577e-01
3.736008848728840093e-01
3.632268776971021018e-01
3.677313877368716954e-01
3.749658979519281954e-01
3.665028974078562429e-01
3.587906322776376333e-01
3.398171148025681543e-01
3.428883601173265960e-01
3.354491145316640388e-01
3.308080947093789970e-01
3.316953464031544563e-01
3.447993667831615872e-01
3.526481286601325094e-01
3.559923804905087419e-01
3.582446322616901768e-01
3.449358700273205680e-01
3.449358700204955275e-01
3.486213735082248633e-01
3.559923804768587718e-01
3.688233943071230758e-01
3.783784014146214236e-01
3.768086529513212102e-01
3.749659109603913909e-01
3.788561628408400050e-01
3.760579110400611991e-01
3.710074009638691939e-01
3.658886457527668612e-01
3.574256387044633110e-01
3.471198701593600777e-01
3.394758566478084383e-01
3.297843397714445568e-01
3.265765911988772752e-01
3.185913390793857491e-01
3.160660807857614274e-01
3.114933353776663250e-01
3.150423388562901827e-01
3.234371072943901249e-01
3.218673653284965797e-01
3.233006170382193845e-01
3.207071136301597458e-01
3.289653657883374605e-01
3.315588626921655013e-01
3.344936112533467010e-01
3.245291008561782542e-01
3.299891077041586795e-01
3.238465975482969217e-01
3.256893590519215342e-01
3.348348628833997531e-01
3.271908624076114158e-01
3.209118555049974009e-01
3.145645969632413497e-01
3.197516070621889139e-01
3.119028419092148008e-01
3.082173319172538672e-01
2.978433214927685424e-01
2.841250559960287747e-01
2.866503142896530409e-01
2.921785662588938237e-01
2.911548145628377604e-01
2.785285458629394029e-01
2.734780455465073423e-01
2.789380491526094463e-01
2.902675628827121601e-01
2.858313142350195069e-01
2.734098036807753318e-01
2.747748005094779455e-01
2.805078008714379512e-01
2.735462939369459612e-01
2.594185349034709986e-01
2.524570279689790087e-01
2.497952761636557106e-01
2.510920278779230075e-01
2.610565382682665247e-01
2.605787866154576915e-01
2.956593246026072985e-01
2.928610695394751051e-01
2.917008210898417442e-01
2.872645626687390652e-01
2.984575698923295217e-01
2.979115633585005529e-01
2.957958181074812898e-01
2.837838043318505754e-01
2.878105529522265171e-01
2.546410248318402014e-01
2.549822797310716260e-01
2.359405106305102751e-01
2.398307690288405403e-01
2.558695346872005283e-01
