3.185697835328095140e-01
3.138497677097362160e-01
3.157895139208592994e-01
3.253588891163026187e-01
3.267813659795877901e-01
3.251002513646646941e-01
3.228372202781026878e-01
3.294969884871344346e-01
3.429458375997157527e-01
3.464373733815735434e-01
3.506401383360539525e-01
3.476658719085000127e-01
3.527738567087006505e-01
3.523212467890734501e-01
3.617613092576698608e-01
3.766326352335362948e-01
3.779257993764403856e-01
3.733350901053786863e-01
3.621492658980582924e-01
3.750161923900287020e-01
3.845209143126990803e-01
3.968059120156890995e-01
4.029484170258548215e-01
3.951247973878344588e-01
3.886590013403262156e-01
3.995862001262817098e-01
3.946721998114119390e-01
3.944135743771154390e-01
3.954480945935462954e-01
4.009440236909307953e-01
4.087029777129735919e-01
4.087029838813429627e-01
4.110306682406779100e-01
4.156860369593476934e-01
4.245441829692368496e-01
4.303633907801563963e-01
4.409672923539342815e-01
4.428423729620114546e-01
4.407733201988766059e-01
4.374757689023495155e-01
4.361179514672752222e-01
4.165912506108352953e-01
3.954481069108877755e-01
3.972585280907541261e-01
4.037243241317964859e-01
3.792189573574407113e-01
3.647355695362518579e-01
3.812880101399729882e-01
3.955127602095239725e-01
4.102547796333785857e-01
4.117419097694367536e-01
4.075391324652858915e-01
3.997801846051467489e-01
4.094788910131478832e-01
4.079270890927427229e-01
4.086383244337347675e-01
4.087676433160195577e-01
4.034656863736927890e-01
3.822578770771651313e-01
3.666753034300334613e-01
3.664813251066064148e-01
3.667399628647101117e-01
3.640889936299363527e-01
3.681624458705014535e-01
3.501228813055574651e-01
3.469546365545763122e-01
3.488297171626534299e-01
3.413940480095836727e-01
3.521919279067886599e-01
3.567826433397540131e-01
3.472779152487141530e-01
3.386137537370873529e-01
3.390663636502488365e-01
3.400362305874409796e-01
3.376438867869636096e-01
3.388723853397532237e-01
3.380318249481070181e-01
3.291736912620251698e-01
3.362860755590534323e-01
3.347989392675576048e-01
3.452735219461190996e-01
3.496702652304923831e-01
3.566533244768665956e-01
3.662227058342135688e-01
3.656407770323016337e-01
3.737876815263634356e-01
3.858787132297335498e-01
4.043708938762083926e-01
4.101254545827244247e-01
4.182723652516214807e-01
4.210526595176520281e-01
4.214406099896710334e-01
4.231863655406282732e-01
4.248674678317440612e-01
4.203414056715517044e-01
4.148454765612356598e-01
4.073451664721318144e-01
3.964826209718808059e-01
3.878831188949306563e-01
3.880770972054262691e-01
3.858140661317958631e-01
3.942195960601541649e-01
3.944135682152118405e-01
3.940902833462388011e-01
3.884003759254271992e-01
3.730764400363993372e-01
3.651881671256060335e-01
3.688090217832827866e-01
3.759213998990100780e-01
3.679038204362050646e-01
3.590456744198501360e-01
3.400362305809750962e-01
3.421699366233486583e-01
3.358981250611712266e-01
3.314367161672860940e-01
3.307901341055327071e-01
3.446916055003433343e-01
3.543256462923669581e-01
3.558127764154933592e-01
3.589810149981050857e-01
3.440450295810963399e-01
3.449502370706802323e-01
3.485064261317767365e-01
3.554894853652193487e-01
3.686797090629017060e-01
3.775378489044213248e-01
3.772145640419141133e-01
3.743049632109403113e-01
3.803828087864293828e-01
3.771499107691411168e-01
3.708780868766906602e-01
3.673865572502706400e-01
3.571705999866082171e-01
3.452088686668803308e-01
3.389370385995946200e-01
3.294323166898557864e-01
3.259407870699016496e-01
3.183758113777518384e-01
3.166947029311981687e-01
3.124272816068284220e-01
3.143670247337668755e-01
3.228372264464722252e-01
3.225139415774991858e-01
3.242597094587293394e-01
3.218027062300412577e-01
3.280745239670538882e-01
3.308548059028114108e-01
3.339583850507465979e-01
3.245183225692185869e-01
3.307901464552032156e-01
3.245183225562869311e-01
3.252942235067908250e-01
3.336351001623760748e-01
3.256175207189684895e-01
3.219966722167295625e-01
3.149489535356788106e-01
3.176645914576832763e-01
3.124919502940591842e-01
3.091297272261167572e-01
2.995603489464886415e-01
2.838484625854417742e-01
2.862408125478226872e-01
2.919307107225459497e-01
2.916720791263458512e-01
2.777706108351174485e-01
2.720160562969706763e-01
2.797750103319450732e-01
2.893443916892919909e-01
2.857882087965649132e-01
2.741497777538020597e-01
2.757662205973097080e-01
2.809388525019138050e-01
2.739557932749370761e-01
2.589551514945047650e-01
2.539118323167475211e-01
2.493857763119930182e-01
2.498383800632507923e-01
2.594077614205978488e-01
2.616061299818326358e-01
2.945170328335187104e-01
2.929652401721335453e-01
2.916074258341755376e-01
2.864994441181596407e-01
2.996896647316570905e-01
2.993017080977344868e-01
2.952282650967918975e-01
2.833958557370676590e-01
2.881805402473717193e-01
2.568214362060428080e-01
2.556575971073272169e-01
2.356136299743024354e-01
2.387172152970728212e-01
2.548817054223090905e-01
