3.108108418329575406e-01
3.212531071794130777e-01
3.316953724644435830e-01
3.286241369401575740e-01
3.234030042669298055e-01
3.252457397092654023e-01
3.215602394634142769e-01
3.273956075277398292e-01
3.384521082345806064e-01
3.482801381285133280e-01
3.449017409283336999e-01
3.433661378007117904e-01
3.562654033110681517e-01
3.596437711807805027e-01
3.673219039871964409e-01
3.743858013718021072e-01
3.765356691902765895e-01
3.746929337172284491e-01
3.703931688112372944e-01
3.636364037413453154e-01
3.768427722359479759e-01
4.066339357558004242e-01
4.158476717205507045e-01
3.986486705732454894e-01
3.909705377975420948e-01
4.038698032464733689e-01
3.817567725944620571e-01
3.983415382585318021e-01
3.878992729735013523e-01
4.029484062409069978e-01
4.032555385556207961e-01
4.084766711981360210e-01
4.097051712800864331e-01
4.130835391805112167e-01
4.281326724479167511e-01
4.560811004947210590e-01
4.573096005766713601e-01
4.573096005766714711e-01
4.557739388495399835e-01
4.450245704881256037e-01
4.450245704881256037e-01
3.848280666568325570e-01
3.756143014537524083e-01
4.057125387195215094e-01
4.054054063740951674e-01
3.630221390812052862e-01
3.633292713959189735e-01
3.786855370394635045e-01
3.974201705527202755e-01
4.054054356738500120e-01
4.054054356738500120e-01
3.955774057799172905e-01
3.921990086104503170e-01
4.090909651887433274e-01
4.078624651067930262e-01
4.057125679885636993e-01
4.087838035435622519e-01
3.952703027035332495e-01
3.759214045301364493e-01
3.562653740113133072e-01
3.596437419117382017e-01
3.596437419117382017e-01
3.596437419117383127e-01
3.611793743084023012e-01
3.406020053220973898e-01
3.270885044820682763e-01
3.421376084497191883e-01
3.307739754281646127e-01
3.562653740113133072e-01
3.501228736015614684e-01
3.381449758584417209e-01
3.406020053220972787e-01
3.415233730586213490e-01
3.492015058650373982e-01
3.402948729766710478e-01
3.234029749671748499e-01
3.298525783918857535e-01
3.181818423246597360e-01
3.313882108192623965e-01
3.332309755613528379e-01
3.467444764320943840e-01
3.507371382924140413e-01
3.562653739806008746e-01
3.654791392451058885e-01
3.774570076884709025e-01
3.710074042330475663e-01
3.866707728608385075e-01
4.047911709829974392e-01
4.186118041991652161e-01
4.118550683983155380e-01
4.186118334682074060e-01
4.189189658136336369e-01
4.152334655677826225e-01
4.204545689412556575e-01
4.198403335501578182e-01
4.161548040045519592e-01
3.992629059950558723e-01
3.808354048579378759e-01
3.845209050730765687e-01
3.743857721334723498e-01
3.777641400338972444e-01
3.802211401670854141e-01
3.903562731066895219e-01
3.974201412222529983e-01
3.854422728096006390e-01
3.826781696000284283e-01
3.722358750152432449e-01
3.630221097814504416e-01
3.639435067870168128e-01
3.624079036593949033e-01
3.547297415532242315e-01
3.482801381285133280e-01
3.531941091565600210e-01
3.267813428368872009e-01
3.218673425090857743e-01
3.120393419149077863e-01
3.461302410717091993e-01
3.498157412868477811e-01
3.516585353286929561e-01
3.550369032291177396e-01
3.476658734376607551e-01
3.482801381285133280e-01
3.581081387534037486e-01
3.636364037720578590e-01
3.728501689751380077e-01
3.792998016996036448e-01
3.750000368243249227e-01
3.679361686473364701e-01
3.829853019147421156e-01
3.851351697639291416e-01
3.599508742264518890e-01
3.574939033623060203e-01
3.605651388865920293e-01
3.516585059982256789e-01
3.363022110856388469e-01
3.234029749364624173e-01
3.224815779308962127e-01
3.200245777669954439e-01
3.074324446634904562e-01
2.945332085143140266e-01
3.172604745881356658e-01
3.273956075277398292e-01
3.206388717576027503e-01
3.237101366123560919e-01
3.157248714298012682e-01
3.326167402009676533e-01
3.283170045947312876e-01
3.283170045947312876e-01
3.286241076404027295e-01
3.286241076404027295e-01
3.197174747213237800e-01
3.369165051069588079e-01
3.415233730586214600e-01
3.221744748852245488e-01
3.218673718395530514e-01
3.215602394941268205e-01
3.227887395453645780e-01
3.154177244344975040e-01
2.963759586065270457e-01
2.960688262611007593e-01
2.954545615702481864e-01
2.899263258513488650e-01
2.865479579816365696e-01
2.856265463261928872e-01
2.693489276267142518e-01
2.644349126490354029e-01
2.859336786716191736e-01
2.843980755439973196e-01
2.834766931575958271e-01
2.699631630178120911e-01
2.828624284360307106e-01
2.862408109863329164e-01
2.595208977020690422e-01
2.484643970259407530e-01
2.389435140965992244e-01
2.389435140965992244e-01
2.481572793303918889e-01
2.601351624236341586e-01
2.714987954144761906e-01
3.003686058169693363e-01
2.957617231847167183e-01
2.874693256874481517e-01
2.813268106585314898e-01
3.098894447966786814e-01
2.865479140627169574e-01
3.003685618673371249e-01
2.957616792657971061e-01
2.779484281696543158e-01
2.328009990369699633e-01
2.291155134717087760e-01
2.364865139326985111e-01
2.392506464420255385e-01
2.539926619831697763e-01
