3.197174630075644286e-01
3.149877479592547713e-01
3.148034802719008596e-01
3.251843132524651070e-01
3.280712928338692658e-01
3.251228809357139538e-01
3.240172279319831206e-01
3.300983077141731448e-01
3.427518614390974161e-01
3.453317203826921089e-01
3.498771735913138725e-01
3.476044469808605153e-01
3.534398326066114371e-01
3.519656266483200402e-01
3.615479389644373209e-01
3.742629191584467274e-01
3.786855311549425229e-01
3.713759513030870929e-01
3.643734979244220851e-01
3.730958514055326414e-01
3.834152637831050869e-01
3.954545586955552361e-01
4.024570179218862620e-01
3.948403057184620701e-01
3.892506201152437506e-01
4.004299854740144271e-01
3.953931380802784834e-01
3.954545704031721676e-01
3.960688116542209203e-01
4.012899442967361452e-01
4.088452241649817021e-01
4.080467035128195197e-01
4.108722566189959013e-01
4.148648833380373380e-01
4.238329426893464591e-01
4.286240900666923315e-01
4.394348966048090555e-01
4.441032027577439534e-01
4.392506230575042858e-01
4.368550552287821520e-01
4.350737286388238756e-01
4.206388366163245074e-01
3.948403232798874396e-01
3.972973234437881529e-01
4.035012561518637186e-01
3.778255781737442365e-01
3.656019863048980412e-01
3.807125519136249636e-01
3.955159910245915067e-01
4.099508888947568375e-01
4.105037095428137883e-01
4.055282710383101841e-01
4.006142707289361837e-01
4.098280418165373140e-01
4.076781564120673940e-01
4.088452300187900290e-01
4.091523565042654020e-01
4.017813443356588188e-01
3.832924049972686875e-01
3.682432600161035241e-01
3.678132805986003007e-01
3.678747129214939848e-01
3.643734862290901599e-01
3.667076392963438680e-01
3.496314794225897638e-01
3.471744734110230879e-01
3.495086264905617468e-01
3.417076407459752607e-01
3.548526003636306436e-01
3.574324534534168984e-01
3.477887146559294207e-01
3.395577612198839579e-01
3.394963406046071497e-01
3.398034612301315538e-01
3.355037080256146886e-01
3.391892082714658141e-01
3.379607023357070750e-01
3.292383488545964076e-01
3.359336874676880358e-01
3.336609608633772095e-01
3.453317145165986646e-01
3.500614471386186977e-01
3.563882269371988487e-01
3.652334392102883909e-01
3.636978067890542787e-01
3.751842927549218221e-01
3.843980462688125210e-01
4.039312180079416836e-01
4.093366300638551780e-01
4.174447422939169816e-01
4.211302483812914832e-01
4.208845483587589920e-01
4.238329426770614528e-01
4.240786426995940550e-01
4.197174571783260366e-01
4.147420245399159322e-01
4.095823300802452493e-01
3.966216381499437782e-01
3.888206582714507920e-01
3.886978111870887931e-01
3.858722580870549423e-01
3.939803644571658325e-01
3.947174586463850776e-01
3.947174645001935156e-01
3.874692994098064558e-01
3.738329397655134612e-01
3.665847805166498885e-01
3.668304863807059224e-01
3.765970781040789417e-01
3.667690716130950213e-01
3.572481857599205113e-01
3.403562877197118808e-01
3.418919084271865860e-01
3.355651344946999348e-01
3.318796225412319889e-01
3.313882225207367971e-01
3.444717674076363534e-01
3.539312326455341107e-01
3.563268063280645159e-01
3.582924064469000802e-01
3.442260732389123001e-01
3.441646409037334986e-01
3.478501469972505311e-01
3.560196798303042476e-01
3.703317189146331789e-01
3.757371251105957044e-01
3.784398311446949270e-01
3.759214103716599364e-01
3.803440106543962140e-01
3.767813575113346802e-01
3.699017512170317268e-01
3.684275511186912433e-01
3.571867651569287649e-01
3.447788938685417137e-01
3.398648818392658311e-01
3.315110695989563760e-01
3.277027164333622955e-01
3.177518628825864444e-01
3.173833099403108315e-01
3.129607125875498719e-01
3.141892155871907621e-01
3.207002806529776207e-01
3.221130601360412959e-01
3.241400925777705444e-01
3.222359130742117328e-01
3.280098663770689149e-01
3.312039607117614470e-01
3.327395814192362633e-01
3.246314750491253731e-01
3.290540811795276133e-01
3.242014956131944459e-01
3.253071544707337170e-01
3.317567872013417740e-01
3.249386132422175111e-01
3.221744807451755177e-01
3.154791479981773339e-01
3.169533510264932463e-01
3.103194418124623488e-01
3.088452300065051004e-01
3.006142736220566158e-01
2.847051815196443014e-01
2.878378611051534142e-01
2.912162407070526537e-01
2.936118173257010744e-01
2.785626694022755867e-01
2.716216424988382450e-01
2.794226253257342529e-01
2.894963406046071053e-01
2.843980608879773664e-01
2.750614573658916595e-01
2.774570251884712069e-01
2.816339254548173576e-01
2.749385927201042357e-01
2.600737329877184090e-01
2.550983062215441688e-01
2.492014999866589142e-01
2.496314735503538107e-01
2.601351623990641460e-01
2.597666094445035267e-01
2.955159968292598305e-01
2.928132937251360923e-01
2.910319700712958313e-01
2.864865109965805123e-01
2.988329470320983394e-01
3.002457118775695988e-01
2.951474409508663133e-01
2.836609520427382236e-01
2.882064023275270892e-01
2.582309799409597817e-01
2.549754562010640990e-01
2.374693139859737623e-01
2.393120670388748095e-01
2.537469590675167641e-01
