3.712300916768145886e-01
3.664012225258454492e-01
3.654693338666875069e-01
3.949508667342763180e-01
4.223991923887462918e-01
4.256184371428511359e-01
4.047780430102647098e-01
4.143510704044250370e-01
3.958827553934342602e-01
3.920704817697772682e-01
3.892748198319270769e-01
3.819891566119609227e-01
3.891053858975004887e-01
4.174008852637269840e-01
4.109623917158937156e-01
4.279058013170453090e-01
4.212978657555381257e-01
4.212978697951617613e-01
4.240935317330120080e-01
4.254490072480482388e-01
4.439173262986627067e-01
5.229583233624481853e-01
5.455777798659490196e-01
5.654862934186246637e-01
6.085225571988337467e-01
6.248729540889278455e-01
6.579973185664997892e-01
6.865469466164362267e-01
6.230091646517410542e-01
5.776855488162087049e-01
5.643002558776386568e-01
5.631142062177818541e-01
5.545577905094282167e-01
5.548119393912562813e-01
5.670112028680873717e-01
5.621823256378710720e-01
5.515079756501262143e-01
5.576076053687301082e-01
5.715012001105798101e-01
5.886140436461579917e-01
5.951372642602638097e-01
5.715859150579812864e-01
5.524398602696606320e-01
5.462555196432788973e-01
5.437987255742817716e-01
5.204168224252967434e-01
5.185530491466044944e-01
5.306675855571634237e-01
5.210098391759779846e-01
5.427821260073459886e-01
5.714164851631783337e-01
5.706540263988232331e-01
5.676042155791450883e-01
5.949678222465899502e-01
6.256354088136593106e-01
6.213148293470989181e-01
5.871738491440967600e-01
6.042019777322735763e-01
6.416469176367820548e-01
6.546086317987211967e-01
6.325821960855251280e-01
6.379193630001502857e-01
6.268214261565271395e-01
6.069129126038513844e-01
6.008132909644948727e-01
5.548966624179049179e-01
5.509996738468465605e-01
5.411724975708580576e-01
5.421891052170411118e-01
5.232548438566595461e-01
5.033463383832310623e-01
4.593358304899751721e-01
4.676380973165008559e-01
4.753473473923452430e-01
4.811081052024723248e-01
4.926296167831027972e-01
4.944086791540172054e-01
4.977973659217959090e-01
4.896645330296969245e-01
5.207556902941499199e-01
5.410030757553024872e-01
5.672653598291628185e-01
5.587089360415619099e-01
5.707387615443429985e-01
5.532023311528864173e-01
4.950017120631929335e-01
4.924178395136581954e-01
4.920789756844287099e-01
5.415537330124711168e-01
5.520162936119005215e-01
5.212640001766769560e-01
5.641308340620830863e-01
5.927651851386681603e-01
5.801423348059585594e-01
5.803117687403851477e-01
5.622670365456489128e-01
5.608268420435875701e-01
5.667570459070122579e-01
5.579464732375831737e-01
5.602338333721537111e-01
5.564215637881204657e-01
5.493900534896059007e-01
5.172822926185933756e-01
5.416808034137614580e-01
5.738732832717990950e-01
5.977634841844401414e-01
6.045408577199975486e-01
6.187733243703240626e-01
6.103863304775261067e-01
6.071670695649267202e-01
6.181802833819011189e-01
6.113182029781896176e-01
5.862419483660679109e-01
5.818790255644895604e-01
5.509573183929575846e-01
5.546425054568295820e-01
5.505760869909682720e-01
5.528634511651623340e-01
5.523551412826355200e-01
5.519315584663807561e-01
5.498136363058605536e-01
5.537953317450731161e-01
5.533717489288185742e-01
5.476109870790678569e-01
5.326160697436335134e-01
5.068620955523001070e-01
5.264740926503880258e-01
5.446035357529019905e-01
5.474415612238885398e-01
5.559132741037116077e-01
5.417655224007865700e-01
5.233819182975735229e-01
5.303287136486866116e-01
5.136394569689866074e-01
5.221535212630750156e-01
5.447306182730633495e-01
5.449847792737624319e-01
5.426126920729194003e-01
5.322772099540277191e-01
5.321924990462499894e-01
5.194002147791138002e-01
5.230430463890969328e-01
5.313029618013571653e-01
5.446458992860383486e-01
5.418502413878116819e-01
5.472721313290855871e-01
5.370213641575952712e-01
5.187224750017839225e-01
5.045747273384825204e-01
4.960183075905050809e-01
4.967807663548600705e-01
4.890715122393920478e-01
4.877160367243558170e-01
4.950864148917234475e-01
4.983903826724771502e-01
5.329549456917340722e-01
5.474415571842649042e-01
5.360894795380609645e-01
5.912402958873235193e-01
6.057268831421125377e-01
6.072518006708226279e-01
5.839546043899919159e-01
5.802270497533600357e-01
5.869196921830214242e-01
5.835310175341136274e-01
5.704846005436440270e-01
5.625211935067242486e-01
5.423585310722205399e-01
5.173670075659948520e-01
5.096577534505267737e-01
4.806845223862177274e-01
4.684852750678808464e-01
4.621314843485780921e-01
4.323958025991612164e-01
4.528973329025181016e-01
4.154523889583859320e-01
3.874110465532348280e-01
3.737716087724604064e-01
3.719925504411695782e-01
3.279820425479136881e-01
2.414435767173519487e-01
2.233564850291032411e-01
1.715943675664903523e-01
1.647322871627787400e-01
1.577854918116656791e-01
1.391392737952823755e-01
1.436292770972101285e-01
1.491274149347313616e-01
1.465096560022736694e-01
1.776855261943164066e-01
1.971365644883791013e-01
2.053541163675032810e-01
2.156895904071477466e-01
