3.656387718407376752e-01
3.656387718407376752e-01
3.898678244637373558e-01
3.832599010211010793e-01
4.768722285644425574e-01
3.854625421686465048e-01
3.854625421686465048e-01
3.854625421686465048e-01
4.041850181803362529e-01
3.667400661569567566e-01
3.722466952833739517e-01
3.722466952833739517e-01
4.328194056135341583e-01
4.185022118969351501e-01
4.185022118969351501e-01
3.953744535901545509e-01
3.953744535901545509e-01
5.319383097681854577e-01
4.339206999297531286e-01
4.669603696580417740e-01
4.350220467610795838e-01
5.242290920093300999e-01
5.341410034308381460e-01
5.286343743044209509e-01
6.134360847424733532e-01
6.762114887352862480e-01
8.513216437680229953e-01
6.145374315737998083e-01
5.991189960560892036e-01
6.222467543628698028e-01
5.947137137609983526e-01
5.539647737587469756e-01
5.088106039765121213e-01
5.187224628829129047e-01
5.605726972013832521e-01
5.825991086768375071e-01
5.825991086768375071e-01
5.605726972013832521e-01
5.825991086768375071e-01
5.825991086768375071e-01
6.167401252364524966e-01
5.825991086768375071e-01
5.495594914636561246e-01
5.594713503700569079e-01
5.837004555081638513e-01
4.856828456697315222e-01
4.878854868172769477e-01
4.889867811334960290e-01
5.154185274191483979e-01
5.704846086228912982e-01
5.991189960560892036e-01
5.991189960560892036e-01
5.825991086768375071e-01
6.464757544707619985e-01
6.453745126696504020e-01
5.704846086228912982e-01
5.418502211896935039e-01
5.936123669296718974e-01
6.806167710303770990e-01
7.004405938733931913e-01
6.299559721217250496e-01
6.167401252364524966e-01
6.079295606462707946e-01
6.167401252364524966e-01
5.429515680210198481e-01
5.737885440866558051e-01
5.429515680210198481e-01
5.583700560538378266e-01
5.110132451240575469e-01
5.264317331568755254e-01
4.581498050678601830e-01
4.779735753957689015e-01
3.711454009671549814e-01
4.878854868172769477e-01
4.999999868712231565e-01
4.845814988384051780e-01
5.165198217353674792e-01
5.154185274191483979e-01
4.889867811334960290e-01
4.790749222270953567e-01
5.407489268734744225e-01
5.407489268734744225e-01
5.715859554542177534e-01
5.715859554542177534e-01
5.451542091685652736e-01
4.460352524988066003e-01
4.823788576908597525e-01
5.390969066264849063e-01
5.286343743044209509e-01
5.374449388946026529e-01
5.242290920093300999e-01
5.616740440327095962e-01
5.991189960560892036e-01
5.781938263817466561e-01
4.955947045761323055e-01
5.881057378032547023e-01
5.462555034847843549e-01
5.473568503161106991e-01
5.550660680749660569e-01
5.660793263278004472e-01
5.704846086228912982e-01
5.374449388946026529e-01
4.999999868712231565e-01
4.856828456697315222e-01
5.991189960560892036e-01
5.792951732130730003e-01
5.814977618455110520e-01
6.310573189530513938e-01
6.222467543628698028e-01
5.936123669296718974e-01
6.883259887892324569e-01
6.365638430492539523e-01
5.825991086768375071e-01
5.605726972013832521e-01
5.209251040304583302e-01
5.264317331568755254e-01
5.220264508617846744e-01
5.550660680749660569e-01
5.660793263278004472e-01
5.605726972013832521e-01
5.825991086768375071e-01
4.955947045761323055e-01
4.955947045761323055e-01
4.955947045761323055e-01
5.605726972013832521e-01
4.999999868712231565e-01
4.856828456697315222e-01
5.649779794964741031e-01
5.374449388946026529e-01
5.242290920093300999e-01
5.176211685666938234e-01
4.834802045221860967e-01
4.834802045221860967e-01
5.374449388946026529e-01
4.790749222270953567e-01
5.715859554542177534e-01
5.616740440327095962e-01
5.374449388946026529e-01
5.242290920093300999e-01
4.834802045221860967e-01
4.834802045221860967e-01
5.462555034847843549e-01
5.506607857798752059e-01
5.341410034308381460e-01
5.374449388946026529e-01
5.242290920093300999e-01
5.176211685666938234e-01
4.834802045221860967e-01
4.999999868712231565e-01
5.308370154519663764e-01
4.878854868172769477e-01
4.911894222810414545e-01
5.165198217353674792e-01
5.374449388946026529e-01
5.055066159976403517e-01
5.176211685666938234e-01
5.176211685666938234e-01
4.438326113512611748e-01
5.947137137609983526e-01
5.848018023394901954e-01
5.980176492247627484e-01
5.605726972013832521e-01
5.825991086768375071e-01
5.881057378032547023e-01
5.704846086228912982e-01
5.803965200443993444e-01
5.330396565995118019e-01
5.495594914636561246e-01
5.374449388946026529e-01
5.022026280187685821e-01
5.022026280187685821e-01
4.790749222270953567e-01
4.196035062131542315e-01
4.460352524988066003e-01
4.504405347938974513e-01
4.295154176346622776e-01
3.700440541358285262e-01
3.436123603652835312e-01
3.612334895456469352e-01
3.436123603652835312e-01
1.718061407963112353e-01
1.751101287751830604e-01
1.442731001944397851e-01
1.497797293208570357e-01
1.398678178993489341e-01
2.026431693770545106e-01
1.205947209871033321e-01
1.299559589929482062e-01
1.408590405505641963e-01
1.773127699227284859e-01
2.499999803068346793e-01
2.169603630936534078e-01
2.202642985574179146e-01
