3.820484615187279553e-01
3.686674021057349537e-01
3.609306165412767831e-01
3.963105773907390494e-01
4.134361267545593188e-01
4.259361270827787260e-01
4.079845833499958774e-01
4.050660798908651827e-01
3.980726876830199545e-01
3.968061650845483568e-01
3.998348006010563060e-01
3.838656391525752110e-01
3.953744509643991600e-01
4.124449356124084143e-01
4.182819425306699701e-01
4.311123390310210857e-01
4.245594724269296516e-01
4.217511036509316580e-01
4.229625562820816254e-01
4.232929550799687246e-01
4.389867903236398528e-01
5.079845859757512461e-01
5.366189524029061353e-01
5.661894426306455230e-01
5.976321804595539078e-01
6.151431933370722360e-01
6.523128034011094201e-01
6.713105872373217320e-01
6.317180719109847242e-01
5.886013360000854622e-01
5.864537569425956054e-01
5.643171924037211351e-01
5.457599236682412203e-01
5.632709444230254991e-01
5.644273297126092270e-01
5.675110273191729116e-01
5.574890022205749585e-01
5.716960507510198131e-01
5.702092614120382041e-01
5.763766645024315238e-01
5.859581666230309072e-01
5.799559603058258572e-01
5.529735799908407357e-01
5.608480312834595027e-01
5.397026552609804906e-01
5.263766631895537840e-01
5.314978156734960768e-01
5.213656532660102538e-01
5.127202749459953690e-01
5.387665367119067739e-01
5.582599239964606275e-01
5.697687358082845765e-01
5.765969312429415350e-01
5.953744693446868519e-01
6.166299800502984541e-01
6.237885664055764501e-01
6.021475869347560073e-01
6.084801789210714240e-01
6.539097142944467755e-01
6.518172025785232693e-01
6.292951692744399583e-01
6.368942891107377546e-01
6.160793040088798911e-01
5.980176308444752342e-01
6.047907563118105623e-01
5.520374561902563482e-01
5.490088232995036233e-01
5.469713789251464675e-01
5.353799713524838300e-01
5.244218224533014894e-01
4.954570651055255626e-01
4.718612422726972677e-01
4.745594789913181732e-01
4.763766566251653733e-01
4.819383294613507895e-01
4.910793007266856525e-01
4.938326047868727420e-01
4.911894354098182980e-01
4.886563980901409421e-01
5.095815099978655560e-01
5.427863633705655166e-01
5.488987017451478767e-01
5.537445122697478572e-01
5.509361461195050325e-01
5.386564072802848546e-01
5.002478135400698633e-01
4.814152159740243131e-01
4.945760060207519682e-01
5.371420921477861876e-01
5.542401104665785061e-01
5.274229295505371562e-01
5.665749166473651455e-01
5.867841557404827046e-01
5.871696218799362654e-01
5.853524337430675573e-01
5.697687331825291857e-01
5.625550768599294482e-01
5.677863561497382694e-01
5.628854782835720494e-01
5.572136681384988188e-01
5.587555169417806056e-01
5.442731395807703931e-01
5.230176367524248526e-01
5.392070649414159034e-01
5.794603699862612700e-01
5.916299741423488578e-01
5.996696274596664544e-01
6.035242494678709768e-01
6.091960569871888165e-01
6.094163079731667043e-01
6.093612406316003538e-01
6.104074991153173313e-01
5.920980255396195435e-01
5.756883332358739835e-01
5.558645497791884216e-01
5.525055207163039883e-01
5.477973732941089358e-01
5.533590435045389055e-01
5.557268840510279917e-01
5.579845925401397677e-01
5.549559649008977136e-01
5.552863584472744751e-01
5.602423062807622145e-01
5.484030930452956643e-01
5.378854723756225642e-01
5.154735816319380159e-01
5.275605874014314134e-01
5.460077240795342401e-01
5.568282151278221015e-01
5.563876842725575811e-01
5.430616948268863764e-01
5.345264511900043036e-01
5.325440662799471037e-01
5.196586024380296376e-01
5.251927442291870474e-01
5.412720456123115698e-01
5.445484789143572035e-01
5.518722672943342511e-01
5.319934033673054952e-01
5.351321788184568717e-01
5.230726988424804214e-01
5.172356945499743119e-01
5.283315118030722513e-01
5.393171996245484934e-01
5.435572877722063545e-01
5.456497968623745809e-01
5.373898846818131458e-01
5.244493482468185475e-01
4.984581590739843304e-01
4.915198368334608436e-01
4.997522127174837681e-01
4.795154268248061347e-01
4.818282000297287593e-01
4.867841478632167207e-01
4.998898731941335827e-01
5.395925232036031804e-01
5.480176321573528853e-01
5.380506796518321755e-01
5.832599377816761743e-01
6.022026621535883084e-01
5.994493580934012744e-01
5.883260071695199933e-01
5.818282052812395744e-01
5.812775397428424640e-01
5.792400979942405881e-01
5.743942900953959985e-01
5.558370161084051908e-01
5.420154258401478353e-01
5.215308474134433547e-01
5.088105829704692162e-01
4.797907609068823298e-01
4.638766615484567479e-01
4.615088183762123819e-01
4.359581574328871834e-01
4.349669662907363343e-01
4.118392053582003998e-01
3.960352433086627988e-01
3.820484641444832907e-01
3.668226908011045229e-01
3.253028657835428383e-01
2.574063880794487114e-01
2.347466916729603614e-01
1.837555044694426376e-01
1.713931698693836048e-01
1.650605673800467632e-01
1.461673962634292834e-01
1.424173987907188521e-01
1.398568264873807920e-01
1.572907485001882044e-01
1.716079264622549228e-01
2.029735655491863022e-01
2.099669577570314749e-01
2.071585863552779794e-01
