3.694934069777190411e-01
3.694934069777190411e-01
3.816079332892188813e-01
3.832599010211010793e-01
4.267621030714536801e-01
3.904184978794005279e-01
4.124449356124084143e-01
4.124449356124084143e-01
4.151982501756170674e-01
3.716960218677107797e-01
3.694933807201653542e-01
3.689427335620558135e-01
4.333700527716436435e-01
4.256608087552346542e-01
4.124449356124084143e-01
4.036343710222267123e-01
4.636563816791700043e-01
4.575991053946432685e-01
4.311674116240982180e-01
4.509912082095606789e-01
4.509912082095606789e-01
5.291850477200841230e-01
5.209251302880120171e-01
5.787444997974098282e-01
6.101321492787088463e-01
6.415198512751153492e-01
7.224670053488474464e-01
6.283039518747355334e-01
6.068282138149445615e-01
5.952643346615541509e-01
5.666299997434636193e-01
5.385462594683754212e-01
5.313876888676295485e-01
5.225770980198942706e-01
5.633260117645918497e-01
5.715859029391103796e-01
5.743392175023189772e-01
5.715859029391103796e-01
5.908590523664634109e-01
5.996696169566450019e-01
5.996696169566450019e-01
5.996696169566450019e-01
5.473568503161106991e-01
5.528634269274206314e-01
5.148678540034852258e-01
4.658590490842690612e-01
4.790748959695416143e-01
4.873348134016137756e-01
4.972467248231218773e-01
5.297356948781937191e-01
5.825991611919447699e-01
5.908590523664634109e-01
5.996696169566450019e-01
6.338105810011527286e-01
6.261013632422973707e-01
6.079295606462709056e-01
5.561674149062924011e-01
5.831497820925006792e-01
6.844713799098047780e-01
6.541850772598319930e-01
6.205947341158801756e-01
6.409691778594521772e-01
6.112334961100353015e-01
6.156387784051261525e-01
5.644273060808109310e-01
5.798457941136287985e-01
5.583700560538378266e-01
5.528634531849743183e-01
5.330396565995118019e-01
4.862334928278410628e-01
4.669603696580418295e-01
4.245594881814619415e-01
4.295154438922159645e-01
4.939427368442500521e-01
4.955947045761323055e-01
4.884361339753864883e-01
5.159691745772578830e-01
5.022026542763222690e-01
4.840308516802956929e-01
4.840308516802956929e-01
5.512114854530920649e-01
5.561674411638460880e-01
5.710352820385544703e-01
5.583700823113915135e-01
5.473568503161106991e-01
4.955947308336859369e-01
4.790748959695416143e-01
5.090859144267900760e-01
5.330396565995118019e-01
5.390969328840384822e-01
5.479075237317738711e-01
5.396476062997017653e-01
5.875551169026989040e-01
5.787444997974098282e-01
5.385462332108217343e-01
5.418502211896935039e-01
5.825991086768373961e-01
5.512114591955383780e-01
5.605726972013832521e-01
5.578194088957282304e-01
5.600220500432737669e-01
5.435022151791293332e-01
5.154185011615948220e-01
5.176211685666938234e-01
5.825991611919447699e-01
5.726872497704367238e-01
5.947136612458909788e-01
5.991189960560892036e-01
6.172907986521156687e-01
6.046255726673990250e-01
6.492290690339707071e-01
6.387664841967993778e-01
6.095814758630457852e-01
5.437775518869609748e-01
5.534140740855301166e-01
5.501101386217657208e-01
5.346916505889476312e-01
5.523127797693110352e-01
5.550660943325196328e-01
5.512114591955383780e-01
5.390969066264849063e-01
5.308370154519663764e-01
5.165198217353674792e-01
5.225770980198942706e-01
5.528634531849743183e-01
5.302863420363032043e-01
5.396476062997017653e-01
5.611233443594927373e-01
5.275330537306481826e-01
5.479075237317738711e-01
5.209251302880120171e-01
5.005506865444400155e-01
4.862334928278410628e-01
5.115638922821670320e-01
4.895374545491592566e-01
5.479075237317738711e-01
5.803965200443994554e-01
5.435022151791293332e-01
5.209251302880120171e-01
5.005506865444400155e-01
5.049559688395308665e-01
5.126652128559399113e-01
5.484581446323297804e-01
5.424008946053566760e-01
5.291850214625304361e-01
5.479075237317738711e-01
5.192731362985760768e-01
5.082599305608489493e-01
5.187224628829129047e-01
5.066079365714131200e-01
4.834802045221861522e-01
4.884361339753864883e-01
5.005506602868863286e-01
5.176211423091401365e-01
5.110132188665039710e-01
5.115638922821670320e-01
5.523127797693110352e-01
5.154185011615948220e-01
5.809471934600626275e-01
5.864537700713724488e-01
5.792951732130730003e-01
5.803964675292920816e-01
6.040748992517358529e-01
6.035242258360726808e-01
5.781938263817465451e-01
5.754405643336453213e-01
5.567180883219555732e-01
5.484581708898834673e-01
5.490088180479929525e-01
5.066079365714131200e-01
5.022026280187685821e-01
4.774229282376594163e-01
4.295154176346622776e-01
4.328193793559804159e-01
4.482378936463520258e-01
4.278634499027800797e-01
3.700440541358285262e-01
3.485682898184838674e-01
3.496696103922566357e-01
3.359030900913208550e-01
1.696034996487658097e-01
1.674008847587740711e-01
1.572136366294344112e-01
1.789647639121643707e-01
1.448237736101029849e-01
1.756608021908462602e-01
9.774228625937750325e-02
1.250000032821941831e-01
1.695484638162639279e-01
1.927312842131000958e-01
2.257709014262813674e-01
1.982378870819636596e-01
2.257709276838351098e-01
