3.736233525649782505e-01
3.667400924145104435e-01
3.780286348600691015e-01
3.923458154478911553e-01
4.251101353395714266e-01
4.085903004754271040e-01
4.176762149022171799e-01
4.146475767599538953e-01
3.953744535901545509e-01
3.700440410070517383e-01
3.714206982886559816e-01
3.692180571411105561e-01
4.006057328799633721e-01
4.212555133313670153e-01
4.080396533173176188e-01
4.110682914595809589e-01
4.240088016370219259e-01
4.443832585093707155e-01
4.410793099168294207e-01
4.344713733454163562e-01
4.617290903682330083e-01
5.545154340456333042e-01
5.187224760116897482e-01
5.550660943325197438e-01
6.175660828448399364e-01
6.316079661111609900e-01
7.053965233265935275e-01
6.599669380638661931e-01
6.181167562605032195e-01
6.015969476539124727e-01
5.426762313131882065e-01
5.550660943325197438e-01
5.432268916000746461e-01
5.572687354800651693e-01
5.622246911908191924e-01
5.897577317926905316e-01
5.677312940596827007e-01
5.814978143606184258e-01
5.897577317926906426e-01
5.944383507956130241e-01
5.853524232400459937e-01
5.759912114917549175e-01
5.399229167499796089e-01
5.341409771732845702e-01
5.156938509982031960e-01
5.090859144267900760e-01
4.884361339753864328e-01
5.206497935801803756e-01
5.206498067089573301e-01
5.366189550286615262e-01
5.886564112189178744e-01
5.814978143606185368e-01
5.831497820925006792e-01
6.128854900994711308e-01
6.324339499771020057e-01
6.126101796491933982e-01
5.754405380760916344e-01
6.159141151129576830e-01
6.585903332973692681e-01
6.305066455373882217e-01
6.321586132692704751e-01
6.299559721217250496e-01
6.189427401264442352e-01
6.189427401264442352e-01
5.710352557810008944e-01
5.743392175023189772e-01
5.459801930345064003e-01
5.586453796328926247e-01
5.195484730064077183e-01
5.152808459364557336e-01
4.858204877660937115e-01
4.289647704765527925e-01
4.512665317886154215e-01
4.887114575544412309e-01
4.881607972675549023e-01
4.812775371170870953e-01
4.969713749865133923e-01
4.933920896861405669e-01
4.922907691123677987e-01
4.936674132651953650e-01
5.713106056176093794e-01
5.625000410274275664e-01
5.633260248933686931e-01
5.547907838822416782e-01
5.377202887312110269e-01
4.865088295356726489e-01
4.768722548219962443e-01
5.042676270699518737e-01
5.446035488816789449e-01
5.435022283079061767e-01
5.143172068453756296e-01
5.726872628992135672e-01
5.974670020666532633e-01
5.878304010954230607e-01
5.498348019139340792e-01
5.583700560538378266e-01
5.853524232400459937e-01
5.448788593319568996e-01
5.498348150427109227e-01
5.578193957669514980e-01
5.545154340456334152e-01
5.558920913272376030e-01
5.137665334297125685e-01
5.278083904384798242e-01
5.704846086228912982e-01
5.762665219420327611e-01
5.892070583770274705e-01
6.134361635151344139e-01
6.145374840889070711e-01
5.980176229672090615e-01
6.255506635690806228e-01
6.137114477078586816e-01
5.883810482535326569e-01
5.640143141478403122e-01
5.558920650696839161e-01
5.594713897563874383e-01
5.498348150427108116e-01
5.523127797693110352e-01
5.575440721878966999e-01
5.556167546194059614e-01
5.495594783348792811e-01
5.435022151791293332e-01
5.484581446323297804e-01
5.311123390310211745e-01
5.429515548922430046e-01
5.341409771732845702e-01
5.437775518869609748e-01
5.667676155822720663e-01
5.459801930345064003e-01
5.377202887312111379e-01
5.501101517505425642e-01
5.267070698647071669e-01
5.173458318588621818e-01
5.022026674050990014e-01
4.878854736885001597e-01
5.487335075977149978e-01
5.685573041831775143e-01
5.468061900292242594e-01
5.242291051381069433e-01
5.129405495637714418e-01
5.068832732792446505e-01
5.184471524326350611e-01
5.470815004795022141e-01
5.426762181844114741e-01
5.333149933073433324e-01
5.349669741680025403e-01
5.245044155883848980e-01
5.118392289899986736e-01
5.283590375965894204e-01
4.920154324045362682e-01
5.005506734156631721e-01
4.884361339753864328e-01
4.983480191393409031e-01
5.151431644537631804e-01
5.077092571451857772e-01
5.214757905748983458e-01
5.192731362985760768e-01
5.024779778553769560e-01
5.996696432141986888e-01
6.095815021205993611e-01
5.809471672025089406e-01
5.732378969285463199e-01
5.834251056715553663e-01
6.134361372575807270e-01
5.762665219420327611e-01
5.828744716422227246e-01
5.531387898928058489e-01
5.448788724607337430e-01
5.286343743044209509e-01
5.126652128559398003e-01
4.845814988384051780e-01
4.821035472405818534e-01
4.374999983589028529e-01
4.267621162002305235e-01
4.435572746434295333e-01
3.997797358852454019e-01
3.763766539994101157e-01
3.595815086849878384e-01
3.590308483981014542e-01
2.885462529039869439e-01
1.712554936382017223e-01
1.866740079285733600e-01
1.545980035489184223e-01
1.680892002707994048e-01
1.387665104543530648e-01
1.514317233102929483e-01
1.292400927427298507e-01
1.321310690954658473e-01
1.669603486519989077e-01
2.056718075193178785e-01
2.031938296639408115e-01
2.100770898144087018e-01
2.078744486668633040e-01
