3.705160449163663605e-01
3.550975493813902095e-01
3.799559430508619995e-01
3.911264915523653962e-01
4.194461934580107076e-01
4.258967891411871709e-01
4.101636230829748264e-01
4.134675960575302511e-01
4.051290147457282109e-01
3.705160374142080770e-01
3.676840777266650595e-01
3.786972909665503595e-01
3.961611073917702397e-01
4.222781681498701256e-01
4.140969220996861822e-01
4.277847747698128034e-01
4.271554412254988664e-01
4.292007546135843676e-01
4.273127839892750801e-01
4.240088185168778834e-01
4.479232306252742268e-01
5.380742649367584729e-01
5.363436295740672266e-01
5.394902672870045546e-01
6.214600630504630852e-01
6.387665517162232076e-01
6.703902190942656603e-01
6.725928227310202789e-01
6.334172578514239982e-01
5.781938563903793460e-01
5.401195858270021466e-01
5.612020232435390721e-01
5.531781199571312868e-01
5.604153619397652664e-01
5.619886845473129888e-01
5.693832767958812990e-01
5.679672969521097903e-01
5.679672969521097903e-01
5.700126103401953470e-01
5.837004555081638513e-01
5.766205262806733955e-01
5.763058632595955411e-01
5.465701740080204374e-01
5.434235512993994544e-01
5.317810045152001619e-01
5.174638258029176097e-01
5.166771720013018099e-01
5.306796876925065076e-01
5.193518114315432976e-01
5.453115369280251423e-01
5.772498598249874435e-01
5.703272658591150845e-01
5.775645078417489531e-01
6.137508002786585815e-01
6.329452820752025088e-01
6.047829154311753497e-01
5.887350638454105223e-01
6.291692958136347880e-01
6.475771163064047986e-01
6.482064423485606186e-01
6.236626966958503937e-01
6.351479007162733614e-01
6.219320388266844635e-01
5.977029711993685490e-01
5.890497343686467158e-01
5.665513021040219366e-01
5.531781199571312868e-01
5.459408554680228454e-01
5.355569682702933099e-01
5.154971800456410458e-01
4.920547587177825366e-01
4.504405422960556793e-01
4.542164985489906548e-01
4.680616789785772558e-01
4.877281365513425060e-01
4.833228467540935935e-01
4.966960364031422492e-01
4.957520548420667472e-01
4.957520623442248642e-01
5.212397970601690966e-01
5.635620221591771672e-01
5.730019277958310342e-01
5.519194753749778748e-01
5.593140676235460740e-01
5.429515680210198481e-01
4.893014591588902840e-01
4.855255029059553640e-01
4.952013964307199756e-01
5.542794517841412860e-01
5.503461602695881583e-01
5.177784963261536921e-01
5.696979623234338375e-01
5.899937309340386182e-01
5.865324151957069798e-01
5.585273838132976953e-01
5.615166937667751546e-01
5.681246097072532031e-01
5.577407300116820066e-01
5.508181435479677646e-01
5.728445700277384756e-01
5.383889354599946664e-01
5.619886845473128778e-01
5.048772974576426487e-01
5.357143110340695236e-01
5.700126028380372301e-01
5.855884336346314223e-01
5.896790604108025358e-01
6.253933545650162129e-01
6.017936054776977794e-01
6.049402206841605345e-01
6.342039041508814590e-01
6.294839513325545255e-01
5.892070546259482455e-01
5.667872974942907982e-01
5.559314120138653115e-01
5.494021562020381388e-01
5.437382143204773088e-01
5.494021486998797998e-01
5.512901343285055988e-01
5.616740215262350233e-01
5.390182539999922584e-01
5.586847190749156811e-01
5.508181285436514196e-01
5.349276347259792619e-01
5.352423052492153444e-01
5.152611846553721842e-01
5.234424382077144111e-01
5.446035282507438735e-01
5.396475950464644233e-01
5.588420618386920058e-01
5.459408704723391903e-01
5.339836606670619323e-01
5.173064980434576299e-01
5.124292249678290556e-01
5.099119057948894307e-01
5.468848520334147478e-01
5.586847415813903650e-01
5.498741619868922070e-01
5.256450793552598366e-01
5.306796951946647356e-01
5.195091391910031664e-01
5.217117803385487029e-01
5.394115846518791058e-01
5.435808865610175511e-01
5.388609412448487346e-01
5.374449463967608809e-01
5.163625014780658384e-01
5.149465216342942187e-01
5.113278856386609394e-01
4.877281365513425615e-01
5.009440059430897429e-01
4.940214044750591005e-01
4.859974861843349148e-01
4.960667103609864292e-01
5.048772899554846427e-01
5.250157458109457886e-01
5.261170626336394429e-01
5.204531282542369519e-01
6.005349683977024844e-01
6.214600480461466292e-01
5.983323047436825970e-01
5.837004555081638513e-01
5.789804951876786898e-01
5.964443116128986810e-01
5.736312238293540533e-01
5.745752203947460668e-01
5.516048048517416813e-01
5.387035984810725209e-01
5.228131046634003631e-01
5.237570937266341486e-01
4.781309031552288258e-01
4.672750401812778565e-01
4.432032703047889544e-01
4.383259972291604356e-01
4.584644530846215815e-01
4.112649474078266532e-01
3.923851511388352642e-01
3.588735131364834130e-01
3.610761542840287830e-01
3.079767188375624465e-01
2.254562571605989718e-01
2.033511630500193512e-01
1.638609051407124706e-01
1.681088671785016531e-01
1.678728717882327359e-01
1.478917511943895480e-01
1.380427978844348813e-01
1.436280721351865519e-01
1.649465049419923113e-01
2.050031382840598049e-01
2.048458105245999084e-01
2.127123935537060528e-01
1.968218997360339506e-01
