3.178467941757739945e-01
3.170650453688776960e-01
3.149430826798620964e-01
3.234309120711709173e-01
3.303551798996129940e-01
3.291266824701084559e-01
3.275631209519145326e-01
3.337056186868841423e-01
3.402948650109572926e-01
3.472191541483118926e-01
3.488943788468392149e-01
3.481126087421985704e-01
3.512396998598904529e-01
3.509046463921526304e-01
3.538083791634725750e-01
3.739111396400610077e-01
3.783784126541668846e-01
3.706723640442914913e-01
3.609560372681508422e-01
3.752513215476432351e-01
3.748045942562840960e-01
3.922269589878437102e-01
4.026133714017154364e-01
3.988161840253407475e-01
3.930087184603645034e-01
3.988161840365089250e-01
3.960241463865548650e-01
3.994862802951918979e-01
4.002680504110006643e-01
4.011614943727673799e-01
4.103194200115909407e-01
4.115479387165033587e-01
4.104311044896686855e-01
4.117712863972508575e-01
4.318740362417193279e-01
4.360062557880874934e-01
4.385749457572940546e-01
4.429305342709859428e-01
4.449408124484192095e-01
4.457225932075161712e-01
4.479562403634412826e-01
4.116596125512929638e-01
4.041769222766212755e-01
4.056287886734494808e-01
4.012732001485895261e-01
3.818405465851402170e-01
3.649765617043213561e-01
3.793835304842278489e-01
3.944605955004808484e-01
4.010498311812659145e-01
4.087558797799731858e-01
4.065222326352161963e-01
4.051820507388022019e-01
4.099843985072219588e-01
4.088675749013388483e-01
4.100960723196752644e-01
4.100960616652189472e-01
4.014965584726251646e-01
3.816171776289847273e-01
3.697788881861650001e-01
3.684386956241265110e-01
3.559303311980319129e-01
3.622961979003251343e-01
3.624078930105227858e-01
3.501228869084636597e-01
3.392897365487764216e-01
3.382845974544756995e-01
3.397364425423912149e-01
3.541434219655858473e-01
3.516864164744569754e-01
3.492294110056644585e-01
3.408532767692259990e-01
3.367210359251135432e-01
3.434219667496007933e-01
3.396247580531453480e-01
3.318070249763603319e-01
3.394013890969898584e-01
3.284565649025130152e-01
3.318070356308165936e-01
3.372794477280549597e-01
3.475541756526808190e-01
3.551485610710547469e-01
3.532499673828674025e-01
3.659817114419101625e-01
3.706723427688834449e-01
3.712307651927766461e-01
3.875363170064142215e-01
4.092026070713323249e-01
4.112128959255583194e-01
4.183605327213240077e-01
4.220460356084527742e-01
4.239446293078083516e-01
4.237212709837727687e-01
4.166852866915478071e-01
4.133348266177004349e-01
4.105427889789145524e-01
4.052937458601679754e-01
3.976993710962503092e-01
3.890998572380319209e-01
3.849676377028320440e-01
3.888765095572845332e-01
3.964708736779140597e-01
3.990395423493762750e-01
3.960241357320986588e-01
3.892115310839898146e-01
3.737994338865753274e-01
3.620728395651213738e-01
3.704489737903916002e-01
3.782667281760891953e-01
3.626312619890146305e-01
3.568237857695821247e-01
3.416350468850348765e-01
3.423051431772223263e-01
3.380612178326957151e-01
3.274514364403321998e-01
3.328121747251173157e-01
3.501228762763436975e-01
3.536966946965630632e-01
3.560420263417340969e-01
3.560420156649413692e-01
3.409649506151838927e-01
3.411883195936757374e-01
3.491177265052503031e-01
3.624078823672347016e-01
3.657583317866257011e-01
3.737994338642389169e-01
3.800536480294869346e-01
3.742461824533425130e-01
3.822872845309557288e-01
3.841858782191431287e-01
3.698905939396507359e-01
3.667634815353826849e-01
3.609560266136945805e-01
3.493411061605349310e-01
3.421934480335201423e-01
3.312486238278751216e-01
3.225374361460353057e-01
3.101407349114422285e-01
3.113692323297785336e-01
3.079071197188859021e-01
3.119276654192962295e-01
3.243243560106012224e-01
3.210855910692879123e-01
3.220907301635886899e-01
3.186285962437834796e-01
3.233192169386368553e-01
3.304668537344026547e-01
3.354925491835699103e-01
3.280098589088982219e-01
3.377261643984625916e-01
3.316953511527389042e-01
3.248827678023746279e-01
3.226491206352811170e-01
3.189636283914405457e-01
3.165066335659360575e-01
3.089122481475622406e-01
3.144963500724428651e-01
3.083538470214133298e-01
3.052267452604333631e-01
2.986375042524202494e-01
2.891445304730870247e-01
2.881393967060144612e-01
2.916015412691077002e-01
2.908197711644670003e-01
2.875809902414692698e-01
2.745142033914814150e-01
2.833370808897953119e-01
2.861291238334729425e-01
2.902613700383181450e-01
2.847889579410796679e-01
2.824436262847404566e-01
2.725039252028799708e-01
2.697118822368658742e-01
2.556399616086372784e-01
2.573151916567291142e-01
2.547465070147506006e-01
2.567567798649557642e-01
2.687067537970214692e-01
2.687067484697933661e-01
2.867992307689484766e-01
2.875810062119855126e-01
2.888095089352135658e-01
2.918249155413230600e-01
2.985258197520060386e-01
2.972973116903816493e-01
2.938351724545165689e-01
2.898146267317699976e-01
2.853473430855442694e-01
2.603306035788986450e-01
2.510610040941172461e-01
2.406745863641855943e-01
2.417914099589004440e-01
2.472638167289107625e-01
