3.147010872091746125e-01
3.158272391321668149e-01
3.158272293553443522e-01
3.227887395760771772e-01
3.308763626329875307e-01
3.290336173933544051e-01
3.249385976177291968e-01
3.329238432466391506e-01
3.401924857923232515e-01
3.457207507802647073e-01
3.471540057386909850e-01
3.477682508963736985e-01
3.499181284916705881e-01
3.502252510602744118e-01
3.557535062816310489e-01
3.778665369541174268e-01
3.807330371350974296e-01
3.748976593246620137e-01
3.626126487897609052e-01
3.774570369268006043e-01
3.770475369097213147e-01
3.946560380229182097e-01
4.058149161679969197e-01
3.984439157070072124e-01
3.950655282938875801e-01
3.986486608578481694e-01
3.976249254291961410e-01
3.963964155806609102e-01
4.016175384668285719e-01
4.010032835527985173e-01
4.093980487217200870e-01
4.115479360528893071e-01
4.102170487661161435e-01
4.121621714542245685e-01
4.299754469873046658e-01
4.373464376919469765e-01
4.394963250333537297e-01
4.455364479639177255e-01
4.420556928586700796e-01
4.427723252211756555e-01
4.469697126889288774e-01
4.076576809203247831e-01
4.016175482231760241e-01
4.058149259345818494e-01
4.028460580717113104e-01
3.832924147474736087e-01
3.653767520300456595e-01
3.780712723588484092e-01
3.950655380502350322e-01
4.015151707849382023e-01
4.077600486226904408e-01
4.048935386853629304e-01
4.055077936096305735e-01
4.108313232337910681e-01
4.090909358889884828e-01
4.090909358889885383e-01
4.095004261497204312e-01
4.027436708566510259e-01
3.834971598983145102e-01
3.697788846384023054e-01
3.659909971877283730e-01
3.565725063465021716e-01
3.632268842115711771e-01
3.646601489263447959e-01
3.452088830505824490e-01
3.421376279726515701e-01
3.389639954462452809e-01
3.393734759506296661e-01
3.560606288502348726e-01
3.506347413005312941e-01
3.488943637530261821e-01
3.413186181514329953e-01
3.387592307929469526e-01
3.431613731576510506e-01
3.387592210263620784e-01
3.320024657332925622e-01
3.400900985670252674e-01
3.298525881584706831e-01
3.339476079443334799e-01
3.337428530473824928e-01
3.432637310934316677e-01
3.549345062372349369e-01
3.523751286350962908e-01
3.692670169087199916e-01
3.681408845086601711e-01
3.695741492336712675e-01
3.867731600861363250e-01
4.076576711639774420e-01
4.116503135218397280e-01
4.185094462633846546e-01
4.208640689583348915e-01
4.230139465433942481e-01
4.239353240465033035e-01
4.171785491997890283e-01
4.129811714986206805e-01
4.106265487934328551e-01
4.044840484143936155e-01
3.963964155806607437e-01
3.861589051721061594e-01
3.869779149933246232e-01
3.844185373809485551e-01
3.968059156079775662e-01
3.981367833718185145e-01
3.946560282665709241e-01
3.891277730452142314e-01
3.765356399314718217e-01
3.635340067801750563e-01
3.681408845086601711e-01
3.769451594714834375e-01
3.622031487726816157e-01
3.573915063704232176e-01
3.412162407029575850e-01
3.426494956920962953e-01
3.393734857172145958e-01
3.290335978499470682e-01
3.343571079716501360e-01
3.497133735844821789e-01
3.539107513061255372e-01
3.557535160686910447e-01
3.554463739362047625e-01
3.404996083506895421e-01
3.422399956647796393e-01
3.480753636881550594e-01
3.596437516476105878e-01
3.650696294204918146e-01
3.755118947259972195e-01
3.796069145118599608e-01
3.747952818761865479e-01
3.797092919603353711e-01
3.815520469563158934e-01
3.718264140235534865e-01
3.690622717578790346e-01
3.602580163179880945e-01
3.482801283721659313e-01
3.445946086033824241e-01
3.323095980582438380e-01
3.237100975255413071e-01
3.139844548364315036e-01
3.087633221836787456e-01
3.120393516917303045e-01
3.113227193189872510e-01
3.233006072750470028e-01
3.218673620729681772e-01
3.237101170689486995e-01
3.178747392585131726e-01
3.233006072955219579e-01
3.316953529210361906e-01
3.361998629676307693e-01
3.276003624349282384e-01
3.370188435095695656e-01
3.302620979523724354e-01
3.247338622539482356e-01
3.242219750013334845e-01
3.198198521697993013e-01
3.180794843888791190e-01
3.085585868198977288e-01
3.152129793348441567e-01
3.066134690253191630e-01
3.061015866662344931e-01
2.975020714734171179e-01
2.875716787706488198e-01
2.893120611912088358e-01
2.908476887250555643e-01
2.934070712207241804e-01
2.880835562362035751e-01
2.739557955988519145e-01
2.841933059971690767e-01
2.891073111673129747e-01
2.895168209816896820e-01
2.833743206026503869e-01
2.822481833090604852e-01
2.739557907053219443e-01
2.712940405380003250e-01
2.570639073252282691e-01
2.573710299040695704e-01
2.540950296957727450e-01
2.572686573388866527e-01
2.694513001816596920e-01
2.654586676108573462e-01
2.853194432600463792e-01
2.877764482970020521e-01
2.855241981365221893e-01
2.899263209680564279e-01
2.980139489389717622e-01
2.947379340910350476e-01
2.928951839783469624e-01
2.924856888240852659e-01
2.842956736790596683e-01
2.635135351561638806e-01
2.535831521995055571e-01
2.401720190413670630e-01
2.405815190789213354e-01
2.494881470839952486e-01
