3.178983400401083070e-01
3.153468601543493732e-01
3.146853533487403154e-01
3.229068606397592633e-01
3.281988609644262977e-01
3.264978653586110280e-01
3.270648518829205598e-01
3.331128432616093926e-01
3.388773639022412687e-01
3.449253732926483851e-01
3.474768801959848830e-01
3.478548712058912029e-01
3.496503780965967700e-01
3.493668713162032535e-01
3.558873829825070501e-01
3.769609090858712097e-01
3.819694116549037788e-01
3.762994112955713732e-01
3.639198947402227935e-01
3.768664068257399635e-01
3.760159135304869671e-01
3.922699145580533231e-01
4.020979151853062983e-01
4.000189195637255946e-01
3.970894036104145597e-01
3.990739150119323453e-01
4.009639241344190030e-01
3.978454216820139222e-01
4.023814129503905379e-01
4.018144084143627781e-01
4.077679245599479807e-01
4.096579336824345274e-01
4.099414224322097677e-01
4.118314225582871968e-01
4.284634416322373185e-01
4.355509398323006431e-01
4.375354512243684324e-01
4.476469495978058211e-01
4.407484469026956564e-01
4.404649491376113057e-01
4.439614606210910974e-01
4.076734312962258522e-01
4.024759242163808981e-01
4.024759242258309500e-01
4.037989378275989028e-01
3.821584161751661601e-01
3.667548814347252328e-01
3.769609000989119774e-01
3.967114125910581324e-01
4.014364174044565137e-01
4.068229199987046796e-01
4.066339154878922391e-01
4.059724176975924026e-01
4.089964449263438495e-01
4.097524359331156107e-01
4.080514313214413935e-01
4.097524269178065004e-01
4.011529196299221667e-01
3.832924072544034444e-01
3.726138863143200752e-01
3.662823701435194423e-01
3.584388808988843711e-01
3.616518856114206981e-01
3.651483970760003861e-01
3.448308800194764268e-01
3.422793730972398807e-01
3.406728707456967431e-01
3.399168526740974361e-01
3.551313739073168052e-01
3.494613645421252301e-01
3.478548621905820371e-01
3.399168706952657160e-01
3.384993548428166243e-01
3.424683686116430370e-01
3.392553458684884338e-01
3.350028433593367772e-01
3.403893459535848875e-01
3.302778385648385551e-01
3.343413545937962139e-01
3.333963500231027499e-01
3.412398572794562712e-01
3.541863783708326663e-01
3.522963782542051780e-01
3.679833927669120541e-01
3.673218859613031073e-01
3.719523975109793601e-01
3.863164074277773974e-01
4.087129201058820605e-01
4.139104362199361731e-01
4.172179431737035871e-01
4.212814411720428587e-01
4.209034411562774247e-01
4.230769480532983740e-01
4.198639253101438262e-01
4.144774227158957158e-01
4.103194224574251980e-01
4.063504267192171171e-01
3.966169193462361076e-01
3.839539050352532845e-01
3.884899143342483985e-01
3.868834119732552645e-01
3.970894126257236700e-01
3.969004081054613442e-01
3.918919055364288306e-01
3.889623985984267396e-01
3.749763887068441881e-01
3.629748811825702637e-01
3.676998859865185931e-01
3.771499046002743660e-01
3.613683968427455206e-01
3.565488807539068938e-01
3.436968709285207479e-01
3.416178663105308710e-01
3.397278571691442206e-01
3.339633545496806799e-01
3.325458567278497535e-01
3.489888712815376604e-01
3.528633737938238757e-01
3.550368897061541018e-01
3.543753738663358299e-01
3.400113549436785676e-01
3.435078754424676362e-01
3.466263598453543371e-01
3.586278763943875347e-01
3.644868812645323808e-01
3.734643885870821411e-01
3.778114113964333165e-01
3.790399137133109719e-01
3.790399137227609128e-01
3.814024161247351330e-01
3.716689087612042308e-01
3.676998949829277108e-01
3.597618944817523312e-01
3.500283781029122077e-01
3.447363597381769007e-01
3.332073454839404869e-01
3.262143495629083456e-01
3.161028331588528473e-01
3.084483214169025933e-01
3.089208462405220734e-01
3.127953442262537131e-01
3.236628606807402941e-01
3.226233628746749682e-01
3.239463674611337551e-01
3.196938649330821058e-01
3.224343583638625832e-01
3.314118566616534034e-01
3.354753636753017854e-01
3.267813631331454305e-01
3.363258479741457752e-01
3.255528427761993915e-01
3.264033631079300002e-01
3.253638472617961797e-01
3.180873535662298024e-01
3.198828604380352658e-01
3.076923393970898979e-01
3.164808557317912441e-01
3.068418415941823185e-01
3.079758371621741930e-01
2.992818230876040930e-01
2.864298042658088295e-01
2.879418088554253630e-01
2.887923111565375289e-01
2.925723204145516676e-01
2.823663017409149822e-01
2.742392967383772140e-01
2.850123064250780214e-01
2.872803110556755302e-01
2.886033201686890037e-01
2.822718175303021160e-01
2.818938084708774161e-01
2.753732968045736751e-01
2.714042920510563728e-01
2.578907844448204978e-01
2.591192822634935111e-01
2.544887797196764279e-01
2.556227797953229408e-01
2.673407985509216322e-01
2.652617939140318737e-01
2.881308223815468583e-01
2.898318224855666037e-01
2.883198268829091915e-01
2.910603202947896206e-01
2.977698229867420388e-01
2.924778091391113666e-01
2.938953114780467057e-01
2.919108135994927244e-01
2.859573019710122677e-01
2.661122917074894567e-01
2.523152773114100134e-01
2.395577697556051100e-01
2.426762722174602704e-01
2.481572725641849886e-01
