3.169533385725618602e-01
3.154177317747925424e-01
3.105037241374086210e-01
3.224048314615549082e-01
3.271652729262256587e-01
3.235565484494705712e-01
3.259367582020760157e-01
3.310043173699738217e-01
3.408323326370635287e-01
3.454392152386035475e-01
3.460534652719006177e-01
3.475123072803039115e-01
3.511210390819976546e-01
3.493550647281681298e-01
3.607954881610179743e-01
3.741554301609506528e-01
3.769195626549213807e-01
3.743089963336637682e-01
3.653255803589409156e-01
3.718519961851193822e-01
3.786087539223944032e-01
3.915080120617431825e-01
4.019502627352868895e-01
4.003378545464923999e-01
3.982647551798533803e-01
3.970362551055811595e-01
3.990325787184803574e-01
4.011056707601807769e-01
4.001075052874226712e-01
4.031019797232026081e-01
4.082463292870393556e-01
4.095516197649287649e-01
4.102426455673218175e-01
4.138513627191382493e-01
4.249078780605001215e-01
4.358876029982449163e-01
4.399570113355839585e-01
4.494778942572473790e-01
4.383446031467893578e-01
4.339680771062234266e-01
4.421836768672580131e-01
4.135442450082331134e-01
3.981879867280179175e-01
4.045608290565445575e-01
4.044840606123871751e-01
3.837531035015874781e-01
3.696253233285066719e-01
3.782248385213240471e-01
3.961916704400574307e-01
4.047143879043190173e-01
4.074017299946726123e-01
4.070946049895413088e-01
4.069410534590274242e-01
4.066339430807390798e-01
4.090141528103101165e-01
4.083231196829784082e-01
4.102426455596436816e-01
4.035626709087252184e-01
3.850583720353732975e-01
3.726197904470259781e-01
3.695485329325676194e-01
3.635595987032070875e-01
3.650184553614877481e-01
3.646345545642259989e-01
3.485104727300274985e-01
3.447481894131760871e-01
3.422143988533363212e-01
3.389895751738429275e-01
3.503532155356925415e-01
3.529637818569500984e-01
3.462837998657366523e-01
3.403716487380888944e-01
3.402948656594104726e-01
3.419840496019447285e-01
3.365325676850035586e-01
3.350737183593397450e-01
3.377610677823101870e-01
3.320024681774981778e-01
3.357647588192883004e-01
3.348433837578255190e-01
3.396038325397568447e-01
3.500460978401435663e-01
3.523495318390093001e-01
3.632524809999799764e-01
3.641738560691208937e-01
3.723894558071211280e-01
3.844441292963024503e-01
4.092444874348587502e-01
4.116247118296634810e-01
4.156173443979064297e-01
4.206081277890300618e-01
4.199170946693764894e-01
4.203777858625772357e-01
4.209920212459968836e-01
4.163083628676826908e-01
4.095516051227294785e-01
4.083231196983346245e-01
3.951935196325330191e-01
3.830620630569951945e-01
3.918919201762655069e-01
3.912776628103516452e-01
3.982647624971139555e-01
3.981879794184355337e-01
3.908169643152465955e-01
3.920454643895188163e-01
3.746161067349865759e-01
3.653255730570366122e-01
3.658630400039770691e-01
3.748464706132211277e-01
3.629453632967529764e-01
3.528102230091756941e-01
3.435964577677048659e-01
3.398341744662097819e-01
3.396806082858184750e-01
3.350737330015389759e-01
3.320792585811153108e-01
3.462838072060316352e-01
3.559582563157643875e-01
3.537315980859947473e-01
3.551136570003632920e-01
3.387592259224513902e-01
3.422143988686926486e-01
3.439035827958706326e-01
3.547297488935191034e-01
3.672451062432843250e-01
3.707770476260047188e-01
3.796069120778918782e-01
3.783016289019068279e-01
3.839834454203622238e-01
3.826013865059936792e-01
3.724662462184163969e-01
3.669379885477354608e-01
3.588759549594139342e-01
3.516585060289381670e-01
3.412162333882564624e-01
3.348433764175305916e-01
3.252457214045967326e-01
3.181050518980081954e-01
3.093519851823550160e-01
3.078163710826813393e-01
3.148802501856527991e-01
3.226351733956859258e-01
3.238636808025749936e-01
3.259367728519534380e-01
3.183354231242158661e-01
3.244011404399330667e-01
3.318489239796011403e-01
3.344594902931805613e-01
3.311578908522693765e-01
3.296222511229884855e-01
3.283169679470033242e-01
3.232494161117224207e-01
3.281634164164894396e-01
3.204852982599508682e-01
3.158784156507327134e-01
3.088145292151444066e-01
3.137285368602065194e-01
3.059736209674339125e-01
3.103501506551130662e-01
2.996007603342387693e-01
2.845516160871032207e-01
2.885442449851987057e-01
2.899263148869752893e-01
2.962223777916146439e-01
2.820946195779936438e-01
2.743397037005773642e-01
2.820946159232023964e-01
2.857033403769231317e-01
2.893888442852435849e-01
2.844748439881545909e-01
2.847819689779297336e-01
2.779484281619761799e-01
2.736486669107762726e-01
2.600583756517738099e-01
2.603655043270526326e-01
2.534551840718556326e-01
2.571406916272891419e-01
2.652795119644365540e-01
2.613636624748719717e-01
2.896959802777829274e-01
2.926904473809459617e-01
2.839373806652928378e-01
2.908476935955510712e-01
2.989097308540200615e-01
2.947635284505945585e-01
2.903869950927679966e-01
2.928439989037817659e-01
2.875460868450574470e-01
2.635135339327813742e-01
2.528409303530548269e-01
2.429361466571641204e-01
2.426290216520327614e-01
2.500768088618483542e-01
