3.186732394151793324e-01
3.157862803374611449e-01
3.106265741517461598e-01
3.231572866584017656e-01
3.257371397543305513e-01
3.250000397051603374e-01
3.264128074806070812e-01
3.335995285404834698e-01
3.388820876643690028e-01
3.450245938972166804e-01
3.473587469706129194e-01
3.493243470955910701e-01
3.491400794082371584e-01
3.523956060781083810e-01
3.628992919784156945e-01
3.708231189412707907e-01
3.741400779278931110e-01
3.705159983218888620e-01
3.643734920767561780e-01
3.717445042515052367e-01
3.820639107629842379e-01
3.889435170634297778e-01
3.988329441512629137e-01
3.962530852015256899e-01
3.958231116439733244e-01
3.980344117791990155e-01
3.979115705609304054e-01
3.982801235093484937e-01
4.020270384920979767e-01
4.035012444442468427e-01
4.076781505644014314e-01
4.080467035128195752e-01
4.097666036152650682e-01
4.138820774125261392e-01
4.229115632390628710e-01
4.307739695927836898e-01
4.435503762558785645e-01
4.432432556303541604e-01
4.361793757887462708e-01
4.339066550321013516e-01
4.360565287105268029e-01
4.195331836125937852e-01
3.995700441881481213e-01
4.058968298466791857e-01
4.050368827192893373e-01
3.856879903874160798e-01
3.726658661465058753e-01
3.760442457606900657e-01
3.955159968661149383e-01
4.058354033837364705e-01
4.086609506238192968e-01
4.039312180140841591e-01
4.055282769044036284e-01
4.089066682200622194e-01
4.081695623047985610e-01
4.086609564714852039e-01
4.087223770806195366e-01
4.055897033612038127e-01
3.894349112424014825e-01
3.746928927467116921e-01
3.705774130894997631e-01
3.645577597763950406e-01
3.644963391672607633e-01
3.671376304276065539e-01
3.530712796397658115e-01
3.452702938890367390e-01
3.447788938623991273e-01
3.397420347671887275e-01
3.531326943950917063e-01
3.501228735954189375e-01
3.430589879000026654e-01
3.421376201696211816e-01
3.380835669876369187e-01
3.385135346852383154e-01
3.391277817900956171e-01
3.387592229878690353e-01
3.379607023357070750e-01
3.310196725084367242e-01
3.375921552472399001e-01
3.332309697198294063e-01
3.405405612915867186e-01
3.485872529063717140e-01
3.524570266933851337e-01
3.633292538344935485e-01
3.641277803527490642e-01
3.727272926033061706e-01
3.827395843430692612e-01
4.071253182148701910e-01
4.108722566251383768e-01
4.147420304060093210e-01
4.176904364503560840e-01
4.165847834466253619e-01
4.197174630444194809e-01
4.212530837396091243e-01
4.181818306170428379e-01
4.093366183439532402e-01
4.073096093297428055e-01
3.934889761381450413e-01
3.856265580706649265e-01
3.896806171064575719e-01
3.904791377647620076e-01
3.983415441246253019e-01
3.950860116009456413e-01
3.909091054807909416e-01
3.867936258297215435e-01
3.775798664681648820e-01
3.640049332806721272e-01
3.702088659887476374e-01
3.756757045014613716e-01
3.660933980330099979e-01
3.565725121859780744e-01
3.431204143568029052e-01
3.409091142277198561e-01
3.402948553968181966e-01
3.360565286675291086e-01
3.337223814663689558e-01
3.466830675367195136e-01
3.536241003062502442e-01
3.534398267528029991e-01
3.531327002611851507e-01
3.382678288150398060e-01
3.379607140556089573e-01
3.453931409733989044e-01
3.537469473721848723e-01
3.665847922119818136e-01
3.719901925541359011e-01
3.785626840828654749e-01
3.754300103388797938e-01
3.858722639285783740e-01
3.818182166065451355e-01
3.702088776963645689e-01
3.660319657101164248e-01
3.560811121593403517e-01
3.523956060719659056e-01
3.383292552841251633e-01
3.358108169373797414e-01
3.245086250225027724e-01
3.185503835408908802e-01
3.117322095756240863e-01
3.083538358336758156e-01
3.142506420624185393e-01
3.218673601196512246e-01
3.226658866379066293e-01
3.258599926986436301e-01
3.200246129267010908e-01
3.254914280303236040e-01
3.316953607445416452e-01
3.318796401395123219e-01
3.300983077018880829e-01
3.299754430622433010e-01
3.288083694370930177e-01
3.256142809562090346e-01
3.280712811139672724e-01
3.207617012559693670e-01
3.150491802882909864e-01
3.125307448838059998e-01
3.142506508584875791e-01
3.092752182200773081e-01
3.116707889726323399e-01
2.995700470996961462e-01
2.834152520447758006e-01
2.845209050362215164e-01
2.871007610498407248e-01
2.933661173031685276e-01
2.829852813987713267e-01
2.743243485452225294e-01
2.823710313700810715e-01
2.872236110580357327e-01
2.858108345110901283e-01
2.848894609269000400e-01
2.832924078719616379e-01
2.817567783991304364e-01
2.767813486968382919e-01
2.644963362065726464e-01
2.619779125035621159e-01
2.560196827418521615e-01
2.555282856451899787e-01
2.641277920419385361e-01
2.603808624154541618e-01
2.898034729316059099e-01
2.898034670777974164e-01
2.829852901764127182e-01
2.877764375414735842e-01
2.970516233844006093e-01
2.934889614514125666e-01
2.929975643486079639e-01
2.898648818208383049e-01
2.870393287330895715e-01
2.633292567214716162e-01
2.526412972554319958e-01
2.469287763061810137e-01
2.433661202331439954e-01
2.506142765458895805e-01
