3.183573381375252032e-01
3.099333543533968616e-01
3.164268589020422517e-01
3.239733552373224579e-01
3.292383639247967730e-01
3.255528762359834460e-01
3.269568428617569689e-01
3.376623644691921777e-01
3.441558690529376574e-01
3.532818696266116776e-01
3.510003820314558931e-01
3.471393901452561326e-01
3.541593905959939947e-01
3.585468950743532224e-01
3.545103822480499267e-01
3.762724170798761314e-01
3.804844173432987975e-01
3.706564167227958673e-01
3.622324161959505906e-01
3.743419044116091388e-01
3.787294088899683664e-01
3.968059058399301398e-01
4.076869149020348471e-01
4.006669144512969294e-01
4.034749146386120700e-01
3.990874101778029703e-01
3.939979056877150887e-01
3.983854101309741713e-01
3.943489140649379943e-01
4.052299063843254889e-01
4.104949150717999151e-01
4.099684359475245232e-01
4.106704192691864597e-01
4.134784194565014892e-01
4.357669333950529023e-01
4.391014461745273989e-01
4.484029676883050652e-01
4.422604379963485099e-01
4.506844552483608157e-01
4.452439591062171131e-01
4.559494806961022495e-01
4.090909317208593632e-01
4.032994271663926655e-01
4.018954270902850845e-01
3.934714098207226507e-01
3.687259040896289086e-01
3.567918698607556727e-01
3.753948794028768576e-01
3.904879221787381227e-01
4.032994271663926655e-01
4.124254277576168137e-01
4.052299063843256555e-01
4.047033938097161498e-01
4.076869483699187557e-01
4.078624358070381817e-01
4.066339231680500821e-01
4.110214276464092542e-01
4.022464354675079901e-01
3.764479045871956253e-01
3.632853744620511138e-01
3.753948794028768576e-01
3.564408614835328781e-01
3.599508784252937743e-01
3.690768957241349346e-01
3.532818863517787622e-01
3.318708598971754631e-01
3.460863649609374759e-01
3.378378519063115482e-01
3.506493736366830816e-01
3.532818696090617161e-01
3.524043653648464836e-01
3.408213729986301344e-01
3.401193562090842337e-01
3.429273731391164204e-01
3.413478521229054152e-01
3.309933389277932014e-01
3.346788433417735020e-01
3.273078177710958547e-01
3.322218515492312285e-01
3.406458520760766162e-01
3.476658525268144784e-01
3.532818696090616606e-01
3.538083654760540431e-01
3.622323827631665494e-01
3.776763837231996712e-01
3.711828958470712037e-01
3.941734098500014327e-01
4.054054272893289901e-01
4.129519403497761698e-01
4.227799409351789550e-01
4.220779408883502115e-01
4.273429496109245607e-01
4.240084368490002475e-01
4.143559236831667048e-01
4.136539236363379612e-01
4.108459234665727822e-01
4.032994271839426270e-01
3.922429139244515972e-01
3.894349137546864736e-01
3.753948961455939037e-01
3.880309136610289866e-01
3.906634096334076212e-01
3.999648976793011568e-01
3.950509140942167763e-01
3.853983842207662769e-01
3.760968961748727968e-01
3.613548617937843432e-01
3.683748789345890340e-01
3.778519046457531338e-01
3.627588953202258715e-01
3.517023820607348417e-01
3.418743646975147543e-01
3.441558690353876959e-01
3.378378519063114926e-01
3.218673383190190918e-01
3.290628430022432549e-01
3.506493736542330986e-01
3.562653907540303533e-01
3.573183991780820024e-01
3.569673740405921447e-01
3.441558690353875294e-01
3.411723646682360278e-01
3.522288611674601055e-01
3.650403996580986465e-01
3.662688787941027480e-01
3.734644001849439787e-01
3.801334089836259644e-01
3.683749124024731647e-01
3.824149300291156961e-01
3.836434259253868606e-01
3.741664169569398068e-01
3.676728956304772811e-01
3.697789124961307072e-01
3.453843816919258125e-01
3.418743646975148098e-01
3.209898508350708113e-01
3.234468426276130848e-01
3.097578166530263744e-01
3.148473379209312806e-01
3.037908414041572414e-01
3.095823459410739220e-01
3.252018511160435499e-01
3.180063464679193097e-01
3.195858675192303489e-01
3.141453713419864457e-01
3.236223636028165429e-01
3.294138513794662160e-01
3.308178681982907876e-01
3.313443640828331316e-01
3.374868435290888091e-01
3.329238516311601725e-01
3.234468593878800924e-01
3.201123466084055957e-01
3.099333543358467891e-01
3.194103633042937873e-01
3.074763290929706239e-01
3.157248672616719820e-01
3.069498415973366812e-01
3.004563286246827447e-01
2.965953200133159551e-01
2.922078071811483602e-01
2.934363030774194692e-01
2.918568155290924282e-01
2.925588239648297395e-01
2.872938152598054073e-01
2.676377972936325178e-01
2.774657978965854865e-01
2.869428152188410186e-01
2.850123193108411446e-01
2.746578060981788028e-01
2.832573024335021672e-01
2.665847804806723564e-01
2.593892842039066116e-01
2.483327709619655155e-01
2.506142752998383738e-01
2.550017797606474734e-01
2.488592668289579257e-01
2.818533107287530259e-01
2.729027976097483377e-01
2.888733278871078447e-01
2.964198409124549904e-01
2.869428319440079922e-01
2.902773112204983796e-01
3.036153204640537617e-01
2.899263028608255466e-01
2.939628072982202744e-01
2.937873031008338409e-01
2.857142942260443852e-01
2.590382841804921843e-01
2.481572751183875880e-01
2.435942748315505502e-01
2.479817793099096668e-01
2.478062667587146994e-01
