3.187960923502786703e-01
3.158784229833495605e-01
3.177211730602062523e-01
3.244779235262895689e-01
3.290848061278296433e-01
3.269349382939988891e-01
3.272420267205055078e-01
3.359951080860361650e-01
3.438268070498090578e-01
3.501228736169177402e-01
3.502764397742745839e-01
3.461302556755177506e-01
3.518120722016513380e-01
3.562653886458344576e-01
3.528870060955322518e-01
3.745393529099941277e-01
3.855958536014786331e-01
3.714681027051182083e-01
3.596437857999452703e-01
3.702395879886467012e-01
3.766892207438248263e-01
3.964987881356062394e-01
4.066339211059230019e-01
4.007985384070762436e-01
4.038697886119522185e-01
3.988022221421501090e-01
3.946560380433932758e-01
3.994164721677690433e-01
3.964987881509625667e-01
4.023341561999317917e-01
4.101658551637046846e-01
4.103194359709389505e-01
4.092444874271806698e-01
4.129299876730316843e-01
4.341216213194766249e-01
4.370393200015167956e-01
4.464066513926663315e-01
4.431818203805562018e-01
4.508599531716159237e-01
4.488636515412108841e-01
4.560811004793647871e-01
4.086302373862054083e-01
4.074017373042550516e-01
4.035626855662807211e-01
3.961916704554135915e-01
3.737715367270182387e-01
3.617936243647337791e-01
3.771498899775657110e-01
3.891277876746166431e-01
4.021806192962609772e-01
4.107801198545573129e-01
4.050982886939026306e-01
4.040233401501442390e-01
4.095516344224842675e-01
4.097051859299637444e-01
4.077088696343250662e-01
4.106265536664878701e-01
4.034091193782113338e-01
3.754607206772306860e-01
3.640970583559213769e-01
3.739250735999766206e-01
3.564189255495053832e-01
3.640970729904425274e-01
3.660933892553687174e-01
3.562653886304781858e-01
3.356879903751309735e-01
3.456695571420220214e-01
3.381449758737980482e-01
3.547297562184578146e-01
3.521191752319665080e-01
3.516584913637044729e-01
3.412162406978388463e-01
3.387592258994169825e-01
3.432125569934775244e-01
3.419840422770060728e-01
3.315417769919755675e-01
3.346130271814952151e-01
3.277026959388902316e-01
3.320024754947586976e-01
3.393734759557484049e-01
3.475122926304264337e-01
3.538083738320563221e-01
3.536548076746994229e-01
3.604115727599476182e-01
3.726965735180263195e-01
3.705467056995518371e-01
3.902027215838538288e-01
4.047911709829974392e-01
4.135442523638842571e-01
4.224508852215380639e-01
4.201474365804730438e-01
4.275184517066964451e-01
4.235258191461315769e-01
4.141584877396258246e-01
4.160012378471951155e-01
4.106265536818440864e-01
4.038698032618296407e-01
3.932739717887296926e-01
3.915847878385172454e-01
3.789926547350124242e-01
3.855958536168349049e-01
3.969594720038683300e-01
3.994164575332479483e-01
3.951167218962990946e-01
3.877457068007882368e-01
3.737715220771409275e-01
3.622543082329958697e-01
3.699324410086992643e-01
3.773034707694437051e-01
3.647113376505825566e-01
3.541155061621263922e-01
3.416769245661008814e-01
3.375307404827002644e-01
3.381449758737979927e-01
3.218673425090857743e-01
3.310810931237134769e-01
3.516585060442943833e-01
3.547297562338140864e-01
3.571867710322359502e-01
3.548833077412935633e-01
3.444410570754279366e-01
3.419840569268834951e-01
3.511977928455650155e-01
3.662469554280818329e-01
3.673218746720853800e-01
3.743857721027598617e-01
3.786855370241072327e-01
3.694717864248357464e-01
3.806818679389107896e-01
3.809889856498159810e-01
3.765356692056328058e-01
3.653255730416803404e-01
3.656327200216277218e-01
3.488943881848448614e-01
3.402948583267936256e-01
3.234029749364624173e-01
3.281634090915507840e-01
3.098894447966786814e-01
3.148034597743575302e-01
3.048219076266313055e-01
3.080467239888641795e-01
3.249386073791953877e-01
3.192567908530618004e-01
3.210995556412210572e-01
3.143428051904939569e-01
3.240172396733838056e-01
3.287776591325259901e-01
3.304668723671368991e-01
3.310811077889472265e-01
3.372235935181092104e-01
3.346130418467289092e-01
3.203317247776553689e-01
3.240172249927938397e-01
3.098894740964334149e-01
3.184889892892508456e-01
3.111179595438626766e-01
3.143427978809115730e-01
3.094287829185889405e-01
3.000614588370218438e-01
2.962223777839365635e-01
2.923833040557898277e-01
2.937653703104533554e-01
2.920761863602409081e-01
2.914619436595607405e-01
2.867015021948899345e-01
2.679668613874069960e-01
2.799447444499367776e-01
2.857801271180708813e-01
2.867015022102462063e-01
2.767199354126426147e-01
2.810196783438176915e-01
2.656634054214033203e-01
2.625921625414661120e-01
2.512285221949728253e-01
2.529177134701239282e-01
2.526105884496363529e-01
2.539926473793611694e-01
2.762592442194419240e-01
2.753378691579791426e-01
2.890049508052424110e-01
2.943796496204707513e-01
2.873157668550299637e-01
2.886978111195211416e-01
3.043611944586145368e-01
2.920761863602409081e-01
2.937653776353920110e-01
2.914619289943271019e-01
2.856265463108366709e-01
2.573710298835945598e-01
2.527641545916369803e-01
2.404791464932633793e-01
2.457002791664911201e-01
2.493857720874035344e-01
