3.164073454584028222e-01
3.138138615766880579e-01
3.153153583803712245e-01
3.230958621549185339e-01
3.304668691167273464e-01
3.271908688981929880e-01
3.255528427719993623e-01
3.357903531942040831e-01
3.428883666488583559e-01
3.510783801900073109e-01
3.488943800306676946e-01
3.473928831996844768e-01
3.503958768889510744e-01
3.532623803220468206e-01
3.514878769344957354e-01
3.744199174350256731e-01
3.830194147258498827e-01
3.681409105187616326e-01
3.617254133736268473e-01
3.729184075682792088e-01
3.763309110650974176e-01
3.965329123308255488e-01
4.059514161873400417e-01
4.002184093074983573e-01
3.961234025505738776e-01
3.955774025278014916e-01
3.959869123080532183e-01
3.998089125357099372e-01
4.014469126449771164e-01
3.987168994680518885e-01
4.100464229442645214e-01
4.111384360255725401e-01
4.095004229078422209e-01
4.118209263181655810e-01
4.359814441119476136e-01
4.365274441483699697e-01
4.436254576166742125e-01
4.413049411978876013e-01
4.534534582176771855e-01
4.509964645784830806e-01
4.606879749506153088e-01
4.070434292549980348e-01
4.075894292914203909e-01
4.071799325332819408e-01
3.965329253529388254e-01
3.772864078733081938e-01
3.626808711700981180e-01
3.793338917459006532e-01
3.927109120895189154e-01
3.985804222203445102e-01
4.099099327017439176e-01
4.041769128270890077e-01
4.058149129363561314e-01
4.104559457602794392e-01
4.096369391809392413e-01
4.088179326152490689e-01
4.097734294234600116e-01
4.015834289180741923e-01
3.767404078505358633e-01
3.662298779042502117e-01
3.689598780590620519e-01
3.577668708559466060e-01
3.602238775172539875e-01
3.628173874158952539e-01
3.525798900294537797e-01
3.357903661890172531e-01
3.431613731508260656e-01
3.386568565999998337e-01
3.527163802719744390e-01
3.509418638759601028e-01
3.486213604792867127e-01
3.397488696813077969e-01
3.334698497565805608e-01
3.447993732600931893e-01
3.385203533353660088e-01
3.327873464828242644e-01
3.364728434594970730e-01
3.265083265580970284e-01
3.310128561310364259e-01
3.374283532761711557e-01
3.479388571918803907e-01
3.546273738883961579e-01
3.550368706738346591e-01
3.611793873339280148e-01
3.715533879850034249e-01
3.689598910675253030e-01
3.902539054282115893e-01
4.073164227758026557e-01
4.119574426049127380e-01
4.213759464341271244e-01
4.202839333391690801e-01
4.253344499400677492e-01
4.245154433880275469e-01
4.161889265822446560e-01
4.156429265458222999e-01
4.105924229806869330e-01
4.041769258355522032e-01
3.957139188008986230e-01
3.853399051277100473e-01
3.820639049228258255e-01
3.877969117753674588e-01
3.977614156546542823e-01
3.991263962398404197e-01
3.953044090069969818e-01
3.856128986348646981e-01
3.733278913589044290e-01
3.624078776492935527e-01
3.699153748536229691e-01
3.774229111242921042e-01
3.665028974146812279e-01
3.566748837642650383e-01
3.402948566956169874e-01
3.397488696949578224e-01
3.402948567092669574e-01
3.262353460457556587e-01
3.322413464464018529e-01
3.508053736607394391e-01
3.543543803948916437e-01
3.581763936583115537e-01
3.539448705873398660e-01
3.441168699590369529e-01
3.413868697905750316e-01
3.506688573466922865e-01
3.634998907169515459e-01
3.671853746715110223e-01
3.744198914044492010e-01
3.804259178220218973e-01
3.707344074362396436e-01
3.806989243376396881e-01
3.839749245561739910e-01
3.737374141476193512e-01
3.626808841512613180e-01
3.641824070264709778e-01
3.483483800078954196e-01
3.422058633341519274e-01
3.286923527070630402e-01
3.291018494925015414e-01
3.084903254107583814e-01
3.135408290031936884e-01
3.038493446616378768e-01
3.104013450714065425e-01
3.252798622869580991e-01
3.200928554435387707e-01
3.198198619500342565e-01
3.162708682243453029e-01
3.251433590496242143e-01
3.286923527343630358e-01
3.308763658885158221e-01
3.318318627103767349e-01
3.389298501344544801e-01
3.356538499295701472e-01
3.196833456632870996e-01
3.217308425306926178e-01
3.121758484316575766e-01
3.174993585260607598e-01
3.076713318808314002e-01
3.131313517645750721e-01
3.109473516188855369e-01
3.026208413241592288e-01
2.971608149430089996e-01
2.893803046847050475e-01
2.904723047575498707e-01
2.947038147791081752e-01
2.917008146060851015e-01
2.901993112503952754e-01
2.708162970308374273e-01
2.791428073119137099e-01
2.861043109772273274e-01
2.882883176612735521e-01
2.792793105765475348e-01
2.822823107495706640e-01
2.710892840132853032e-01
2.631722900235173856e-01
2.549822764960183452e-01
2.527982763639788355e-01
2.503412762137280922e-01
2.515697730401501575e-01
2.712258003000325157e-01
2.723178003592272578e-01
2.859678207347066681e-01
2.912913308291098513e-01
2.850123239264957808e-01
2.906088144922903127e-01
3.000273183761048013e-01
2.945673115144742393e-01
2.942943115099130869e-01
2.921103113642236071e-01
2.867868012698204794e-01
2.588042832347316469e-01
2.525252763184676064e-01
2.410592690834909013e-01
2.452907791459993658e-01
2.491127728762494442e-01
