2.049970988917052539e-01
2.033547574010315939e-01
2.033547573900826577e-01
2.011649691738089107e-01
2.110190181342743443e-01
2.123876349537490438e-01
2.026430753504474269e-01
2.099241233692007436e-01
2.066394390739800246e-01
2.031357760972783422e-01
1.989751757403628585e-01
2.000700718028863845e-01
1.913109150016456261e-01
1.922415757391851276e-01
1.889021480819930432e-01
1.889568927633122619e-01
1.951430460224664598e-01
1.951430460224664598e-01
1.959642174192654795e-01
1.887926587412526169e-01
1.861101671504011290e-01
1.863838905241501365e-01
1.849605277259062930e-01
1.845225703355721503e-01
1.806356946498555438e-01
1.853437404294467628e-01
1.800335019400118586e-01
1.822232914646845225e-01
1.849057830500615840e-01
1.837561436091433020e-01
1.849605277149573013e-01
1.843583350105880703e-01
1.845225690326476875e-01
1.837561436146177840e-01
1.787196284879828956e-01
1.787196284879828956e-01
1.789386071804127398e-01
1.798692666205022050e-01
1.780079451344742936e-01
1.770225397156156011e-01
1.742853034598683681e-01
1.746685174772822369e-01
1.739020920537778514e-01
1.711648557980306462e-01
1.687560875809281102e-01
1.667305333812394708e-01
1.664294383292420632e-01
1.661557149609675654e-01
1.625973086113456922e-01
1.615571598250412633e-01
1.610644577698113755e-01
1.579987534754193901e-01
1.575060514147150481e-01
1.564659013254861564e-01
1.554257512362572646e-01
1.527432609538046937e-01
1.493490873178434930e-01
1.462560100368041904e-01
1.445041778969911317e-01
1.424238790214578110e-01
1.408910255740745687e-01
1.391939381046317648e-01
1.374421059593442518e-01
1.353618057754119863e-01
1.357450184844269658e-01
1.393034274398977368e-01
1.355260397974716036e-01
1.370041485744846188e-01
1.384275113727284345e-01
1.372231285698388981e-01
1.348691037201821263e-01
1.342669123132629039e-01
1.366756792274409216e-01
1.390297014712487678e-01
1.389749567954040588e-01
1.387559768000497795e-01
1.382085300689752383e-01
1.371683799797463188e-01
1.369494012873165301e-01
1.377158280137453783e-01
1.367304225948866858e-01
1.351975704504279063e-01
1.338836969929244891e-01
1.334457396080648839e-01
1.324603354976051639e-01
1.321318674589604114e-01
1.313654420409305079e-01
1.315406242142145854e-01
1.318690922473848282e-01
1.313216455163103147e-01
1.306647094444952917e-01
1.308179953098559389e-01
1.314311361709241399e-01
1.317048582362742026e-01
1.295150700145259737e-01
1.293508359924663564e-01
1.295698159878206357e-01
1.292303984950269602e-01
1.289019304563822077e-01
1.299420805510855814e-01
1.360844359936440318e-01
1.391939354878338753e-01
1.443946859339783617e-01
1.544129728252768008e-01
1.788838651104169564e-01
1.871503159476545219e-01
1.829349709148942182e-01
1.782816697947242901e-01
1.782816697947243456e-01
1.782816697947243456e-01
1.782816697947243456e-01
1.798145219446575238e-01
1.839203776312028638e-01
1.804167159519512731e-01
1.780626937136178811e-01
1.799240138967214131e-01
1.822780374434536665e-01
1.833181875326825860e-01
1.810189073588705233e-01
1.800882466158565398e-01
1.778437124208136488e-01
1.769130516777996653e-01
1.784459038222584171e-01
1.777889677504433941e-01
1.783911604548126251e-01
1.814021213762843920e-01
1.830992075428027610e-01
1.815116107224993003e-01
1.826612501579431280e-01
1.824422714655132838e-01
1.832634415593878963e-01
1.820043127777291880e-01
1.831539522131729880e-01
1.844678243622775160e-01
1.844842478947758824e-01
1.832798637889618831e-01
1.825681817383777161e-01
1.800499241695858177e-01
1.815827763195190236e-01
1.826229264087479431e-01
1.828966510744724216e-01
1.818017550009999317e-01
1.835535858433629819e-01
1.858528660226494711e-01
1.860006778096606750e-01
1.848127159279461529e-01
1.853054179886504949e-01
1.853984838078414910e-01
1.847415464221530412e-01
1.845225677297232525e-01
1.852889957590765357e-01
1.851247591366425027e-01
1.851247604395669377e-01
1.880809766961429597e-01
1.895043394998612574e-01
1.890116374446313974e-01
1.881357213719876131e-01
1.888474021196473451e-01
1.857269531494106785e-01
1.860006765067362400e-01
1.822232901617600598e-01
1.800335019400118586e-01
1.821685467943143233e-01
1.816210987657897735e-01
1.793218198949021458e-01
1.780626898048445206e-01
1.783911591464137081e-01
1.775699877496146606e-01
1.795407985818575081e-01
1.775699877496146606e-01
1.776794770958295411e-01
1.759823896263867371e-01
1.732451546735639392e-01
1.750517301862972164e-01
1.775152430792444058e-01
1.732451546735639392e-01
1.669495120736692872e-01
1.622688405836499037e-01
1.579987521724949551e-01
1.563016660059765861e-01
1.525242809584504144e-01
1.509366841381469537e-01
1.460917747118201104e-01
1.505534714236575200e-01
1.505534714236575200e-01
1.481720748902778662e-01
1.505534714236575478e-01
1.506629607698724282e-01
1.523600482393152322e-01
1.524695375855301682e-01
1.519768342273758455e-01
1.523600482393152322e-01
1.554257512362572646e-01
1.554257512362573201e-01
1.565480176795792655e-01
1.560553143159504608e-01
1.575334230929634483e-01
1.567396246882861999e-01
1.569586033807160164e-01
1.577250287987459199e-01
1.581082415077608994e-01
1.585188259059731875e-01
1.592305079565573545e-01
1.586830599280328324e-01
1.603527731024293745e-01
1.606538694573512172e-01
1.606264977681538531e-01
1.614476678675029475e-01
1.616392735787599289e-01
1.606538694573512172e-01
1.610097104771688048e-01
1.621319756230408526e-01
1.620224875852248614e-01
1.613655515134098384e-01
1.648692131926615123e-01
1.604622624541187648e-01
1.662925759963798100e-01
1.723144978393233440e-01
1.725882212075978694e-01
1.687560901867770358e-01
1.665663019705032610e-01
1.637195750601421473e-01
1.614202961892545474e-01
1.620224875906993434e-01
1.640754160909086989e-01
1.611739431963039870e-01
1.629805200119617270e-01
1.623235839401467040e-01
1.639111807604501370e-01
1.633363610427282508e-01
1.634732220726660412e-01
1.637469454299916027e-01
1.632268703881144256e-01
1.622140932855328788e-01
1.628984036523941359e-01
1.586830599280328324e-01
1.593399973027722905e-01
1.599421887042170864e-01
1.578345181449608559e-01
1.580261238397943913e-01
1.555899839444434829e-01
1.521958116168811992e-01
1.527158866642328860e-01
1.524969092747275323e-01
1.512377804875943699e-01
1.511830358172241151e-01
1.494312023744866214e-01
1.443946885507762512e-01
1.413289816505353125e-01
1.410005136064161058e-01
1.355260397919971493e-01
1.346501237248278471e-01
1.336099736355989831e-01
1.315296773659145879e-01
1.314749326900698789e-01
1.326793168013583601e-01
1.320333288752933709e-01
1.315406268200635109e-01
1.315406268200635109e-01
1.319785842049231717e-01
1.272705377683952810e-01
1.223708843231604282e-01
1.145971329407783068e-01
1.074803182871478940e-01
9.903320697198400580e-02
8.591089693127682003e-02
7.405318942210946387e-02
6.923565363936666495e-02
5.937065457876451041e-02
4.879397443655985461e-02
