2.043036663675023012e-01
2.026978207120610498e-01
2.035007435357670535e-01
2.020956293139009319e-01
2.079168176469843865e-01
2.091212004593629992e-01
2.037817652415959691e-01
2.079168166955210340e-01
2.059095101039584430e-01
2.025372344266566094e-01
1.977196974683621267e-01
1.986832046705312438e-01
1.997671501515295156e-01
1.921393847334443294e-01
1.916977786611960277e-01
1.895298876991995674e-01
1.922598239677513476e-01
1.937050852487440800e-01
1.929021624210234265e-01
1.916174864739717820e-01
1.872817045459641561e-01
1.931831841228377478e-01
1.855152726171623301e-01
1.867196582839309726e-01
1.786101397465147400e-01
1.835882591642873096e-01
1.821028527511823480e-01
1.812196386957299898e-01
1.837889905898332232e-01
1.850736665368848399e-01
1.851941048157139391e-01
1.843911819879933134e-01
1.843911819920079354e-01
1.828656294832834983e-01
1.816612447679782083e-01
1.794532067548842980e-01
1.805772992869799365e-01
1.798948147421030319e-01
1.790918919183970004e-01
1.782488229990715489e-01
1.772451697052975506e-01
1.756393240538709211e-01
1.740736254495270086e-01
1.733911418601280785e-01
1.712633960382730081e-01
1.700590122784456926e-01
1.696776248658657393e-01
1.679914870232002144e-01
1.662652040444077828e-01
1.644987749740105254e-01
1.620097152671315377e-01
1.614878160521810990e-01
1.608454785543869392e-01
1.599221174478372143e-01
1.589184641540632159e-01
1.561483817898920157e-01
1.536191750319156335e-01
1.494038313867517009e-01
1.479184240141541706e-01
1.469549177674628893e-01
1.455498025820896324e-01
1.438837373115021412e-01
1.427194986878016769e-01
1.413946756896526658e-01
1.392669308192609756e-01
1.409129225663070806e-01
1.404311684914981428e-01
1.401501458342059026e-01
1.429202291538550496e-01
1.406720460086488822e-01
1.364567004525290561e-01
1.358545080908618308e-01
1.371391840419280694e-01
1.381829834273068380e-01
1.394275132827536567e-01
1.399092664020846755e-01
1.391866367210808364e-01
1.377815215357075518e-01
1.368581604291578546e-01
1.381428363762094991e-01
1.378216676273124053e-01
1.370990369908306472e-01
1.361355297886614746e-01
1.352523157291945499e-01
1.335661788460215660e-01
1.332048640055196465e-01
1.322012107117456758e-01
1.322493854515963962e-01
1.315267557705925572e-01
1.314464635833683392e-01
1.309245643684178728e-01
1.307238339023645002e-01
1.308041260895888014e-01
1.307238339023645279e-01
1.305231034363111553e-01
1.308442721811936271e-01
1.307238339023645002e-01
1.289574048359818925e-01
1.289975509275867183e-01
1.296398893808587971e-01
1.357420994237857337e-01
1.372596223207571131e-01
1.458107497928407548e-01
1.540005624364663706e-01
1.745955284783600459e-01
1.839094279171989976e-01
1.818218291424266997e-01
1.806174453785847622e-01
1.806174453785847900e-01
1.806174453785847900e-01
1.847926429281292748e-01
1.822634361701528649e-01
1.821831449384065382e-01
1.795736469486838849e-01
1.794532096253327325e-01
1.812597847873348156e-01
1.826247529216106780e-01
1.817816840022852820e-01
1.809787602231013037e-01
1.798948147421030597e-01
1.787305770778951086e-01
1.794532077183914887e-01
1.804568610081508651e-01
1.800152539844392663e-01
1.799349617972149928e-01
1.824240224595719551e-01
1.833473835661216245e-01
1.818218300979046742e-01
1.825846068300058522e-01
1.824240215000794418e-01
1.828254824362007536e-01
1.823035832212503149e-01
1.827853363445959001e-01
1.829459216705077995e-01
1.828776724516377461e-01
1.825163566556579353e-01
1.816331416447276303e-01
1.801075891360031933e-01
1.821951879107754357e-01
1.825966498023747497e-01
1.827973812198914194e-01
1.823557722731801445e-01
1.838010325986949023e-01
1.854470253052335205e-01
1.850857095052390322e-01
1.847243946607226017e-01
1.846842476136398292e-01
1.848849780837077961e-01
1.843108888452911209e-01
1.834678208854582382e-01
1.843911810325154221e-01
1.846722036898076624e-01
1.846722046452855814e-01
1.891685719112489450e-01
1.888474031623518512e-01
1.896101798944530570e-01
1.900517869221792222e-01
1.888474022068739600e-01
1.878437489090853674e-01
1.842707427577008894e-01
1.827853372960591971e-01
1.808583228957355293e-01
1.817415369552024818e-01
1.812999299274763165e-01
1.796137920928400356e-01
1.789313075439484813e-01
1.794130606632794722e-01
1.783692612779006759e-01
1.792123301972260996e-01
1.784094083289980426e-01
1.773656079881412440e-01
1.756794701454757468e-01
1.739531862152199904e-01
1.757999084283194402e-01
1.763218085987478256e-01
1.758400545199242659e-01
1.680517066503902923e-01
1.630936617076223782e-01
1.566301349132376286e-01
1.541410752023440189e-01
1.561483817898919879e-01
1.498454384144778662e-01
1.486410546466212790e-01
1.490826616783620662e-01
1.490826616783620662e-01
1.469147707163655225e-01
1.501264610637408625e-01
1.504877759082573763e-01
1.518125989064063874e-01
1.531374219045553986e-01
1.528965453428826060e-01
1.532177150472575911e-01
1.531374219045553986e-01
1.556264816154490360e-01
1.558071385579609947e-01
1.560078690240143395e-01
1.561684533984628864e-01
1.560881612112386407e-01
1.572122527838417383e-01
1.575735676243436301e-01
1.576538598115679035e-01
1.578947363732406961e-01
1.587779513881855953e-01
1.591191936606240753e-01
1.590790475650046276e-01
1.596812389711939340e-01
1.606648187374118963e-01
1.600826999033006515e-01
1.603837960881489277e-01
1.608655492074798909e-01
1.614878141331959893e-01
1.615480327968789043e-01
1.619294211609222101e-01
1.614476680415911636e-01
1.633746824419149146e-01
1.625717596222235051e-01
1.677305388529565233e-01
1.719057363984864140e-01
1.736721654728982378e-01
1.694969688788316720e-01
1.663655707186806054e-01
1.634349020650903150e-01
1.624713948629211424e-01
1.635954864395388897e-01
1.637962169055922346e-01
1.621903712501509831e-01
1.625918321862722948e-01
1.625316135225894631e-01
1.628728557950278877e-01
1.639568012760261595e-01
1.624513203798872429e-01
1.625316125630968389e-01
1.623308830525214963e-01
1.622104447736923694e-01
1.623308830525214685e-01
1.596611663991159002e-01
1.593801437458382264e-01
1.586976592009613496e-01
1.585370748224981530e-01
1.572523988754465363e-01
1.570717409774566309e-01
1.542213664300757237e-01
1.541410742388368560e-01
1.541009281472320303e-01
1.528965453428825783e-01
1.524750108832199080e-01
1.517523792872455812e-01
1.464530892096200521e-01
1.411537981765165761e-01
1.413946756896527213e-01
1.385041531316818786e-01
1.346501233715419188e-01
1.322815029029845713e-01
1.334457415306996297e-01
1.321209194840139434e-01
1.318880715705870454e-01
1.316070498727873461e-01
1.318880725260649922e-01
1.312858811238902801e-01
1.322092412749620582e-01
1.285960895137264193e-01
1.245614032888133910e-01
1.183387530601160698e-01
1.136416548624042122e-01
1.070857917241154478e-01
9.979123969737524469e-02
9.117587971121011992e-02
8.764302013719874052e-02
7.763860369536902672e-02
6.728090224559418742e-02
