2.040903902445605766e-01
2.029612795701981609e-01
2.033376500898088080e-01
2.022085403224980482e-01
2.072895338613894300e-01
2.080422731203806497e-01
2.039774775666371720e-01
2.076659034927668956e-01
2.052194982241138943e-01
2.028107299276314945e-01
1.982942890292303806e-01
1.984824738449191273e-01
1.996492205844004886e-01
1.916325394675552352e-01
1.922723705198984834e-01
1.906163423706405124e-01
1.907668893221617368e-01
1.941542204457247234e-01
1.935896651104253574e-01
1.918583630356446301e-01
1.879441153291829536e-01
1.915949025066757128e-01
1.842933245799390218e-01
1.855729839935801040e-01
1.794381537020853234e-01
1.827502091048407440e-01
1.826749351830816992e-01
1.808683600785387924e-01
1.823362025163474676e-01
1.844815111796214713e-01
1.853471622170118627e-01
1.838416819150356929e-01
1.838416819187993489e-01
1.826372982184384652e-01
1.813952766576737985e-01
1.793252410203982350e-01
1.806048995458061635e-01
1.799650702849840411e-01
1.795134267356112423e-01
1.782337682139670254e-01
1.777821246608304873e-01
1.762766443626180290e-01
1.751851715486593963e-01
1.745453431835978508e-01
1.721742118479950290e-01
1.704805467378575079e-01
1.695584407032644236e-01
1.679776864757654975e-01
1.671496732950152331e-01
1.655312830023973336e-01
1.639881666390659021e-01
1.634988861250498693e-01
1.628966947208678462e-01
1.600362828712489360e-01
1.590577209474563214e-01
1.584931665041538207e-01
1.539767265052769396e-01
1.520196026539279710e-01
1.485193615397232825e-01
1.473902517611214158e-01
1.463740528726855672e-01
1.450191204217548546e-01
1.434571842305791267e-01
1.422151626698144322e-01
1.403333127439881922e-01
1.418387930422006782e-01
1.413118746715445462e-01
1.393923877810751000e-01
1.436453690425041618e-01
1.405967723809602443e-01
1.371718034007571863e-01
1.364943371752918577e-01
1.371341655403533755e-01
1.387149197640886178e-01
1.399193034644495293e-01
1.398816664998062953e-01
1.396934816878812602e-01
1.383385492407142869e-01
1.377739939054149210e-01
1.379621787173399561e-01
1.375858090897262020e-01
1.375105351679671295e-01
1.362308766425592288e-01
1.354028634618089644e-01
1.346877611712246625e-01
1.332951926551750321e-01
1.334081035453409947e-01
1.320606988479014476e-01
1.318725140359764125e-01
1.313079595964375956e-01
1.311574117453921107e-01
1.308186790824215628e-01
1.309315899725875532e-01
1.307434051606625180e-01
1.307057681960193118e-01
1.312326856709148670e-01
1.308939530079443192e-01
1.304799464232147543e-01
1.293131996837333375e-01
1.294261114696599324e-01
1.351469333849039389e-01
1.378869056875777765e-01
1.458283137708971389e-01
1.541084554204750212e-01
1.733033243025874637e-01
1.834653113991887574e-01
1.817716462852875248e-01
1.807554473968516484e-01
1.807554473968516762e-01
1.803038038437151380e-01
1.848578808072352531e-01
1.832394887268599115e-01
1.837287710323970980e-01
1.783843178527699525e-01
1.795510654880119183e-01
1.812070927415093125e-01
1.816963732555253452e-01
1.815458254044798325e-01
1.815081875478397611e-01
1.804919886594038847e-01
1.795510637002544763e-01
1.783466799998935648e-01
1.795134267356112145e-01
1.798521602981060230e-01
1.797768863725832666e-01
1.820351068217838375e-01
1.835029501553531173e-01
1.816587362946458228e-01
1.825243873320362142e-01
1.822609276950641344e-01
1.824114755498733587e-01
1.824114755498733587e-01
1.824114755498733587e-01
1.830136678460522470e-01
1.829496842033615789e-01
1.829496842033615789e-01
1.813312930187468419e-01
1.803150941303109656e-01
1.817829374676439014e-01
1.825356776186319863e-01
1.818582122851635230e-01
1.826109515328636357e-01
1.839658830880337437e-01
1.850949937623961594e-01
1.846057123488558660e-01
1.846809862743786224e-01
1.845680744922157668e-01
1.848691710900673413e-01
1.842556876077683925e-01
1.843685993974586435e-01
1.843685984979343551e-01
1.843685984979343551e-01
1.845191472447404446e-01
1.888850403033871528e-01
1.896001434897320315e-01
1.896754174152547601e-01
1.909174380802589055e-01
1.885463058488954791e-01
1.880193883664725285e-01
1.845944211740268848e-01
1.827878460694839502e-01
1.810941818513433221e-01
1.813576396967942483e-01
1.809436331083009442e-01
1.797016115512999612e-01
1.790241453258346327e-01
1.796639736871324944e-01
1.787983235492663914e-01
1.795887006611339709e-01
1.790617831862384157e-01
1.778197616254737212e-01
1.762390073979747673e-01
1.746582531780032643e-01
1.757873629528414194e-01
1.762766443626180290e-01
1.764271922136635418e-01
1.688621564490033200e-01
1.621439545774071567e-01
1.546165557660990619e-01
1.548800145035468256e-01
1.539767265052769396e-01
1.488580942026938025e-01
1.469386073084606448e-01
1.473526139007176328e-01
1.489710050853323975e-01
1.469386073084606448e-01
1.489710050853323697e-01
1.502882996758592715e-01
1.514174103502216595e-01
1.526594319109863540e-01
1.529605276130773794e-01
1.532616242109289539e-01
1.532239872462857200e-01
1.557456655409372170e-01
1.559150314245422164e-01
1.556515717875701643e-01
1.541837293459977776e-01
1.541084554204750212e-01
1.565172228249605002e-01
1.575710586742759267e-01
1.577592434862009618e-01
1.579286093698059334e-01
1.588130793392800444e-01
1.589071721931228365e-01
1.591706309305706279e-01
1.599986441113208924e-01
1.598669142928348663e-01
1.600927360694031076e-01
1.602432848199729087e-01
1.612971197735277307e-01
1.612783017372045324e-01
1.616358524364982507e-01
1.619181301022660779e-01
1.617299452903410706e-01
1.634612473651217979e-01
1.625203224097360732e-01
1.684481507525068811e-01
1.724753093378434410e-01
1.731527746713119043e-01
1.689750691269267246e-01
1.663028420892328496e-01
1.635553402264919853e-01
1.625767782989356591e-01
1.632918814890442216e-01
1.634800663009692845e-01
1.621815897392381300e-01
1.625579593668519118e-01
1.622192267038813918e-01
1.629155109581424954e-01
1.636682511091305803e-01
1.622568627690003373e-01
1.622944997298798597e-01
1.622945006256404366e-01
1.622192267001176802e-01
1.623697745511631929e-01
1.599045521494749655e-01
1.590389011158482857e-01
1.595281825256248953e-01
1.583990727470230564e-01
1.581732509704548151e-01
1.573640549302671443e-01
1.539767256057526790e-01
1.546165548628111175e-01
1.546165548628111175e-01
1.533745350973312604e-01
1.527911617294724078e-01
1.521136946082465302e-01
1.468445135626209874e-01
1.420269769658925596e-01
1.419140660719628855e-01
1.392418381385084336e-01
1.358921448715855740e-01
1.321284459232210384e-01
1.333328305231062383e-01
1.334457414057447777e-01
1.316466931589324041e-01
1.314208722818884234e-01
1.317596049448589435e-01
1.314585092427679736e-01
1.317219679802157095e-01
1.285980969452688027e-01
1.250037634213378712e-01
1.193205766829796288e-01
1.144277666086087331e-01
1.081687340262970365e-01
1.019699198662896433e-01
9.355428721628929190e-02
8.700544944054069973e-02
8.056199524934726242e-02
7.363678717228261394e-02
