2.034505604455293937e-01
2.028483683247389036e-01
2.028483690413473428e-01
2.025472726256588862e-01
2.058593282060608709e-01
2.066120674627938969e-01
2.033602310197991092e-01
2.060098760586119016e-01
2.040527511300919694e-01
1.998675165789036146e-01
1.979103916533946905e-01
1.989642273228052483e-01
1.985728021979949187e-01
1.980007196459080965e-01
1.927014317150969325e-01
1.903829926636872449e-01
1.908647457870328579e-01
1.931831855550510124e-01
1.922196778781538329e-01
1.893893754150755004e-01
1.896302526933567600e-01
1.934842798269360842e-01
1.857160035589473790e-01
1.864988545311983825e-01
1.840298676302486169e-01
1.832771269402987679e-01
1.830362503816369002e-01
1.809285790367939073e-01
1.817716477192571900e-01
1.846019494597051502e-01
1.852342511491992527e-01
1.854149085704538402e-01
1.837588807802527646e-01
1.819523044208923579e-01
1.817415374309341858e-01
1.805371531893532056e-01
1.811694541622388410e-01
1.814705505839492305e-01
1.808683584661697485e-01
1.800855089271356513e-01
1.794532072376415210e-01
1.778573985878587060e-01
1.777369603070222959e-01
1.763218090784941239e-01
1.749668769873731489e-01
1.736119448992631265e-01
1.717602052587489658e-01
1.702848348867915806e-01
1.687191358057123780e-01
1.680567252611121776e-01
1.664910261800330304e-01
1.660996017688201876e-01
1.642930261260681646e-01
1.626369983358671445e-01
1.626671086241902042e-01
1.595056008903172340e-01
1.573076001197439289e-01
1.554106957678701162e-01
1.540858732484637339e-01
1.513760097858412312e-01
1.502017351159748992e-01
1.474918709337329215e-01
1.463778154042847945e-01
1.452336503031220472e-01
1.441497050589859441e-01
1.428549921082831742e-01
1.413043474562625246e-01
1.423431286996255096e-01
1.442099241994041492e-01
1.443604727685635913e-01
1.400698529323805008e-01
1.385041531346928589e-01
1.384439339942746261e-01
1.379320705826059812e-01
1.374202071709373363e-01
1.379320698629865893e-01
1.384439332716442539e-01
1.387450289737352516e-01
1.379019602942829492e-01
1.382030559963739191e-01
1.379320698659975142e-01
1.376008645952028764e-01
1.371793298956670293e-01
1.364265899253365444e-01
1.354028638246296545e-01
1.351619872629568619e-01
1.344995760017481390e-01
1.341141730737087923e-01
1.335420912412413619e-01
1.332108859704466963e-01
1.318258443076111841e-01
1.315548581772347236e-01
1.314043103276947289e-01
1.311634337690328889e-01
1.312236529094510940e-01
1.311032146256037034e-01
1.308322284952272707e-01
1.305311327991582060e-01
1.305311327991581782e-01
1.305311327991582060e-01
1.350475711879242646e-01
1.373900976022337517e-01
1.441346491967104848e-01
1.566150792868206965e-01
1.693815492107245413e-01
1.814705505869602387e-01
1.815608792930710758e-01
1.821329618421469732e-01
1.812296740222764657e-01
1.812296740222764657e-01
1.851740312951835610e-01
1.858665514084873738e-01
1.843008530440166381e-01
1.817114285818499098e-01
1.803866060594326026e-01
1.801758390694743750e-01
1.804468259164592747e-01
1.815307704409759026e-01
1.814404410152456459e-01
1.803564957741205232e-01
1.799951802150028812e-01
1.790316732547141132e-01
1.790015636829995205e-01
1.806274819044969282e-01
1.808984687544927805e-01
1.818619764313899601e-01
1.821329625617664205e-01
1.826147156851119779e-01
1.814705505869602387e-01
1.821329611285494587e-01
1.821028515598458741e-01
1.819221941385912589e-01
1.827050443972448035e-01
1.831566879458648711e-01
1.826839670487849232e-01
1.822925419209636411e-01
1.810580481136900566e-01
1.811182672510973091e-01
1.818408990889520127e-01
1.820817756506248331e-01
1.815096930985379831e-01
1.826237486219642325e-01
1.837076945827087748e-01
1.847013111147120523e-01
1.842195565551386083e-01
1.838883505677355035e-01
1.842797756985677382e-01
1.841894469864349682e-01
1.845116185977469792e-01
1.852342504325907857e-01
1.839184601394500684e-01
1.848217486759290151e-01
1.845718391743930709e-01
1.877333476278854607e-01
1.888172935886300030e-01
1.903528831040164904e-01
1.911959517834688482e-01
1.901120058257352308e-01
1.900818962510097132e-01
1.849933738739289180e-01
1.826448252538155903e-01
1.811995644505618730e-01
1.811092357414400555e-01
1.811393453131546205e-01
1.803866053458350882e-01
1.795736455184779590e-01
1.802149801478352131e-01
1.791220012472275191e-01
1.799650706432882608e-01
1.785499194177710414e-01
1.787907966930413206e-01
1.773455358958094530e-01
1.751776439803423568e-01
1.762615899380758910e-01
1.755991786738562987e-01
1.751475344086277919e-01
1.703601091728768058e-01
1.620046973659924894e-01
1.585722035017430864e-01
1.563742027311697813e-01
1.528513794381791413e-01
1.457455137147906643e-01
1.461670476947071196e-01
1.461670476947071196e-01
1.464681441134065842e-01
1.464681441134065842e-01
1.465584728225284017e-01
1.474918702141135296e-01
1.507135978020021638e-01
1.511351325015380387e-01
1.510448037924161935e-01
1.521889688935789686e-01
1.532428052826089182e-01
1.536944495508483777e-01
1.538901613981506211e-01
1.542815858093634362e-01
1.543116953780670486e-01
1.548837779271429460e-01
1.549138867822490440e-01
1.573828736831987818e-01
1.589786823359925494e-01
1.574280376809609472e-01
1.580302297987404292e-01
1.581356129339098471e-01
1.587227506286527645e-01
1.589636271903255571e-01
1.591894493259507770e-01
1.597013120180000023e-01
1.597615311584182074e-01
1.605443807004633128e-01
1.604540512717220202e-01
1.605443799808438654e-01
1.612067912390415803e-01
1.610411882438345654e-01
1.640220385594638730e-01
1.638112715725166257e-01
1.673340955821157050e-01
1.707214247289834952e-01
1.722269046726554453e-01
1.698482471974360197e-01
1.666867394665740021e-01
1.630284220304715204e-01
1.642629158407560852e-01
1.631789705996309903e-01
1.633897375895892456e-01
1.620950246358754399e-01
1.627875454657877752e-01
1.623057923424421622e-01
1.626821616109989377e-01
1.626369968996393134e-01
1.616132707989323403e-01
1.622154629167118778e-01
1.625767777562101002e-01
1.626369968966283053e-01
1.621552437732827201e-01
1.590991206138179792e-01
1.603035041357794843e-01
1.593098876037762346e-01
1.592647236060140414e-01
1.587980249117269815e-01
1.569462838379959146e-01
1.546579557915176983e-01
1.550945456306986603e-01
1.545676270793849283e-01
1.543267505207230883e-01
1.534385178435086206e-01
1.507587625193837766e-01
1.471456098006628521e-01
1.439238814961657509e-01
1.402806199223387285e-01
1.376309755971233950e-01
1.348006731340450903e-01
1.314283984162357977e-01
1.324521252395731430e-01
1.325123443769803677e-01
1.320968318772264005e-01
1.308322292178576707e-01
1.310128866391122859e-01
1.312537639173935178e-01
1.292665297784742207e-01
1.283632419586037132e-01
1.256985421324282037e-01
1.214831987291446619e-01
1.170871968296938875e-01
1.125617246037985825e-01
1.075123445636599062e-01
1.010207150023214595e-01
9.572142564130438347e-02
9.080753885002242065e-02
8.427375657297586642e-02
