2.018949007507742921e-01
2.039022054313809618e-01
2.008912484004343746e-01
2.028985531011141541e-01
2.018948959733845860e-01
2.360191041478177931e-01
2.002890522288991726e-01
2.008912436431177506e-01
2.340117994672110957e-01
2.310008376789478568e-01
1.828254872055612157e-01
1.828254872055612157e-01
1.868400965667746660e-01
1.868400965667746660e-01
1.868400965667746660e-01
1.928620201433011438e-01
1.928620153659114378e-01
1.918583630356446301e-01
2.008912436230446685e-01
2.008912436230446685e-01
1.864386356306533266e-01
1.794130644811766373e-01
1.868400965667746660e-01
1.868400965667746660e-01
1.948693248239078690e-01
1.926612849078873368e-01
1.892488669608924090e-01
1.874422927383098403e-01
1.868400965667746660e-01
1.850335223441920418e-01
1.850335223441920418e-01
1.822232910340260137e-01
1.786101378315442523e-01
1.864386356507263809e-01
1.822232910340260137e-01
1.796137901618110877e-01
1.749969846491354897e-01
1.749969846491354897e-01
1.836284043004142441e-01
1.741940627768928385e-01
1.729896799685287923e-01
1.727889495105046913e-01
1.721867580962861133e-01
1.693765315635097635e-01
1.675699525836105430e-01
1.567304977736279359e-01
1.582359786577230143e-01
1.610462099678890147e-01
1.584367138931368213e-01
1.584367138931368213e-01
1.565297720729203756e-01
1.586374443712340321e-01
1.584367138931368213e-01
1.537195407426812932e-01
1.499056570821753753e-01
1.394676632083140799e-01
1.306355130789381980e-01
1.246135942597283303e-01
1.282267426848204273e-01
1.342486662613469051e-01
1.374603537503176487e-01
1.380625451444631446e-01
1.372596184948307596e-01
1.364566966225880806e-01
1.354530442722481631e-01
1.346501224000054842e-01
1.346501224000054842e-01
1.332450091336173370e-01
1.298325911866224092e-01
1.306355130789381980e-01
1.284274731629176380e-01
1.330442786956662349e-01
1.324420872814477124e-01
1.392669279528271908e-01
1.392669279528271908e-01
1.398691193469726868e-01
1.392669279528271908e-01
1.392669279528271908e-01
1.392669279528271908e-01
1.392669279528271908e-01
1.392669279528271908e-01
1.384640060805845119e-01
1.296318559512086022e-01
1.282267426647473452e-01
1.246135942597283303e-01
1.352523138142240622e-01
1.374603537503177042e-01
1.296720039698277815e-01
1.264603117034673319e-01
1.258179770680923626e-01
1.274238207925046662e-01
1.352523138142240622e-01
1.310771172362159287e-01
1.314384349511808769e-01
1.314384349511808769e-01
1.286282083983314450e-01
1.320406263453263729e-01
1.294311302705741518e-01
1.302340521227437764e-01
1.286282083983314728e-01
1.348508576755654553e-01
1.468946952939121087e-01
1.472961562300334759e-01
1.482998133376899619e-01
1.792123340231524808e-01
1.862379051726291701e-01
1.753984455852568569e-01
1.741940627768928385e-01
1.772050245651560496e-01
1.784094073534470137e-01
1.812196386836861517e-01
1.784094073534470137e-01
1.798145206198352442e-01
1.816210996198074634e-01
1.836284090978769490e-01
1.846320614281438122e-01
1.824240262895129305e-01
1.780079464373987841e-01
1.798145254373710034e-01
1.735918713827473425e-01
1.780079464373987841e-01
1.794130597037869312e-01
1.794130597037869312e-01
1.764020979155236646e-01
1.764020979155236646e-01
1.745955237130141502e-01
1.798145254373710034e-01
1.874422927583828946e-01
1.878437536945042619e-01
1.878437536945042619e-01
1.878437536945042619e-01
1.854349833003864634e-01
1.842306004920224449e-01
1.878437536945042619e-01
1.869003161859355000e-01
1.860973895363030872e-01
1.834878886841612156e-01
1.838291347785113994e-01
1.840298700139252341e-01
1.836284043004142441e-01
1.808181777475648122e-01
1.796740097809719217e-01
1.836886191421853720e-01
1.888474060247710418e-01
1.866393661087505096e-01
1.846320566507541339e-01
1.840298652365355558e-01
1.860371746945319593e-01
1.856357089810209138e-01
1.818218253205150237e-01
1.818218253205150237e-01
1.856357089810209138e-01
1.856357089810209138e-01
1.856357089810209138e-01
1.874422879809931886e-01
1.868400965868477204e-01
1.894495974389895920e-01
1.904532497692564552e-01
1.918583630356446024e-01
1.832269481617555817e-01
1.812196339062964456e-01
1.820225557785391246e-01
1.796137901818840865e-01
1.790115987877386738e-01
1.808181729902481882e-01
1.776064807238877385e-01
1.764020979155236646e-01
1.713838314466537283e-01
1.804167120340537667e-01
1.764020979155236646e-01
1.764020979155236646e-01
1.798145206399082985e-01
1.747962541710383066e-01
1.778072159793746276e-01
1.794130597037869312e-01
1.733911409046501595e-01
1.719860276382619568e-01
1.577341501038947436e-01
1.567304977736279359e-01
1.582359786577230143e-01
1.562286739771162614e-01
1.394676632083140799e-01
1.392669327302168691e-01
1.394676632083140799e-01
1.394676632083140799e-01
1.416757031243346121e-01
1.422778945385531901e-01
1.458910477209619250e-01
1.527158883923413757e-01
1.523144274562200084e-01
1.523144274762931183e-01
1.565297720729204034e-01
1.585370767334540465e-01
1.575334243831141567e-01
1.571319634469927895e-01
1.551246587864591187e-01
1.561283111367990362e-01
1.563290368375065686e-01
1.582359786577230143e-01
1.596410966814277577e-01
1.595407290637208542e-01
1.588381700518684825e-01
1.600425528602325287e-01
1.593399938283070749e-01
1.612469356485234928e-01
1.613472985089138001e-01
1.613472985089138001e-01
1.592396310080629040e-01
1.598418176047456396e-01
1.612469356485234928e-01
1.641575298190798005e-01
1.656630107433210430e-01
1.638564365408115286e-01
1.638564365408115286e-01
1.733911409046501317e-01
1.627524165727647076e-01
1.621502251585461574e-01
1.717853019375544521e-01
1.643582650946397716e-01
1.715845667021406173e-01
1.772050245852291317e-01
1.669677611493189107e-01
1.561283063594093579e-01
1.693765315635097635e-01
1.603436509560366430e-01
1.597414547644284144e-01
1.623509556165703138e-01
1.608454747324752354e-01
1.677706830215616174e-01
1.661648392971492860e-01
1.624513184568875113e-01
1.639567993610556718e-01
1.643582602771039847e-01
1.641575298190798282e-01
1.671684916073430671e-01
1.594403614660870327e-01
1.622505927762530609e-01
1.600425576175491249e-01
1.553253844670935968e-01
1.549239235309722296e-01
1.529166140930489359e-01
1.587378072115512573e-01
1.581356158174057891e-01
1.563290415948232204e-01
1.428800859326986583e-01
1.420771640604559793e-01
1.448873953706220075e-01
1.378618194437556121e-01
1.334457396117145478e-01
1.334457396117145478e-01
1.334457396117145478e-01
1.344493919620544375e-01
1.326428177595449232e-01
1.246135942597283303e-01
1.250150599732393342e-01
1.414749678889208051e-01
1.414749678889208051e-01
1.428800811553090078e-01
1.428800811553090078e-01
1.428800811553090078e-01
1.256172442213734086e-01
9.263719684744849137e-02
6.288891574919362737e-02
5.245092187533233891e-02
4.104942009674458769e-02
3.568991110653014359e-02
2.031394198350138999e-02
1.635954866844302816e-02
1.686137603796039955e-02
2.139788914662257499e-02
