2.031494661736443497e-01
2.046549446840993658e-01
2.023967269108894185e-01
2.039022054363992531e-01
1.993857627389495901e-01
2.272371402109719385e-01
2.011923405345378835e-01
1.986330234912494774e-01
2.242261796070195989e-01
2.212152190181220501e-01
1.790617849702321462e-01
1.790617849702321462e-01
1.828254848218846262e-01
1.865891846735371062e-01
1.918583630356446301e-01
1.903528845251895862e-01
1.963748021349972228e-01
1.963748021349972228e-01
1.978802842284945185e-01
1.993857627238947716e-01
1.923100065812537451e-01
1.771046629141679873e-01
1.918583630356446301e-01
1.865891846735371062e-01
1.900517888230985886e-01
1.909550759293716093e-01
1.876430196383830351e-01
1.862880889714461086e-01
1.865891846735371062e-01
1.844815111758577597e-01
1.844815111758577597e-01
1.819221941325693259e-01
1.804167156221143098e-01
1.843309633473944609e-01
1.781584942809168459e-01
1.825243855367513768e-01
1.765024643439014329e-01
1.765024643439014329e-01
1.790617813871899222e-01
1.790617813871898945e-01
1.781584942809168737e-01
1.780079464373987841e-01
1.694267117843026860e-01
1.673190418847204375e-01
1.655124640891321164e-01
1.573828729816451333e-01
1.580603400991073271e-01
1.592647228924165548e-01
1.594152743189768962e-01
1.594152743189768962e-01
1.579097958235766708e-01
1.586625350863316020e-01
1.579097958235766708e-01
1.558773944561352709e-01
1.510598596546916528e-01
1.436830078099596286e-01
1.370588952129276894e-01
1.299831390552318722e-01
1.272732741533705303e-01
1.310369740050229825e-01
1.351017695587664602e-01
1.373599873169216168e-01
1.378116308625307318e-01
1.366072444711244338e-01
1.352523138041875073e-01
1.341984788543963969e-01
1.341984788543963969e-01
1.326930003589961438e-01
1.301336868987499618e-01
1.311875218635958906e-01
1.283271091182164592e-01
1.331446439196600495e-01
1.376610830190126422e-01
1.376610830190126422e-01
1.376610830190126422e-01
1.376610830190126422e-01
1.376610830190126422e-01
1.376610830190126422e-01
1.376610830190126422e-01
1.376610830190126422e-01
1.367577959127396214e-01
1.381127265646217572e-01
1.355534095213333234e-01
1.283271091031616407e-01
1.277249176989796453e-01
1.325424525004232357e-01
1.341984824524934672e-01
1.355835205352977080e-01
1.270022858822016376e-01
1.254666999408244887e-01
1.277249176989796453e-01
1.340479310108783073e-01
1.319703685271633176e-01
1.310670814359451153e-01
1.322413568133870565e-01
1.290798519489588236e-01
1.313380697071140080e-01
1.305853304594138953e-01
1.304347826008409594e-01
1.289293041054407341e-01
1.355534131194303660e-01
1.444357434746174618e-01
1.472961562199969210e-01
1.503071204069915401e-01
1.861375411279279912e-01
1.914067194900355151e-01
1.832771247995062802e-01
1.757497250962013202e-01
1.771046593311257078e-01
1.783090421244349355e-01
1.801156199200232844e-01
1.799650720614503485e-01
1.810189070112415144e-01
1.804167156221142820e-01
1.838793233697728069e-01
1.846320626174729473e-01
1.810189106243933754e-01
1.796639763744141693e-01
1.792123328288050543e-01
1.754486293941103225e-01
1.754486293941103225e-01
1.787606856850988690e-01
1.765024643439014329e-01
1.765024643439014329e-01
1.765024643439014329e-01
1.775563028917896413e-01
1.814705541850572812e-01
1.871913796758161996e-01
1.847826104760458832e-01
1.847826104760458832e-01
1.856858975823189040e-01
1.829760326804575343e-01
1.829760326804575343e-01
1.847826104760458832e-01
1.867848972464806467e-01
1.834728373573950022e-01
1.815157117182885915e-01
1.817716462890512363e-01
1.840298676302486447e-01
1.838793197716757644e-01
1.817716498570386974e-01
1.809135238820940295e-01
1.839244809030041172e-01
1.874924717798101270e-01
1.876430196383830351e-01
1.861375375448857672e-01
1.856858939842218059e-01
1.853847982821308082e-01
1.837287683451153675e-01
1.837287683451153952e-01
1.840298640472063929e-01
1.837287683451153675e-01
1.868902767925858521e-01
1.868902767925858521e-01
1.864386332469767371e-01
1.859869897013676221e-01
1.880946631990469409e-01
1.900517888381533793e-01
1.918583630356446024e-01
1.861375411279279635e-01
1.760508207832375271e-01
1.826749333802694664e-01
1.826749333953242294e-01
1.793628771043357106e-01
1.796639728064267083e-01
1.783090385564475022e-01
1.786101378415807517e-01
1.727387644922489807e-01
1.772552035916015734e-01
1.765024643439014329e-01
1.765024643439014329e-01
1.790617813871898945e-01
1.724376687901579830e-01
1.786101378415807794e-01
1.765024643439014329e-01
1.734915073380461914e-01
1.692761639407845686e-01
1.581356122293452460e-01
1.578345165423090668e-01
1.580603400991073271e-01
1.536944488432728240e-01
1.382632780062369449e-01
1.409731429080982867e-01
1.435324599513867205e-01
1.435324599513867205e-01
1.432313642492956951e-01
1.460917770097299728e-01
1.485005461944454985e-01
1.551246551933803397e-01
1.548235594912893143e-01
1.536191767130349051e-01
1.560279458977504308e-01
1.575334243931506839e-01
1.551246551933803397e-01
1.548235594912893143e-01
1.546730116477712247e-01
1.557268501956594053e-01
1.566301337339450206e-01
1.592647228924165548e-01
1.609207528143771493e-01
1.608454771010969786e-01
1.603185578422076651e-01
1.586625314882345317e-01
1.579850607877300861e-01
1.594152671528923926e-01
1.609207456633474642e-01
1.622756799133266425e-01
1.604691057158353917e-01
1.603938299724456118e-01
1.619745841961808264e-01
1.643833533959511706e-01
1.628778749005509174e-01
1.633295184612148510e-01
1.629531470458436548e-01
1.713085617101289260e-01
1.590388993356182668e-01
1.612971206768157029e-01
1.658135633592105473e-01
1.671684940261475016e-01
1.700289031884846813e-01
1.722871245447369359e-01
1.622004077680339051e-01
1.569312294209811998e-01
1.668673983240565040e-01
1.587378036335272691e-01
1.606949256745366372e-01
1.615982163638519098e-01
1.604691057007806010e-01
1.656630119175954152e-01
1.655124640740772979e-01
1.625767756003628495e-01
1.628778713024538471e-01
1.632542427178250710e-01
1.630284191459719922e-01
1.662652033067226198e-01
1.610712971049625963e-01
1.607702049859138782e-01
1.607702049708590597e-01
1.570065051192065797e-01
1.551246551933803397e-01
1.533180774128468371e-01
1.573828729665903148e-01
1.575334244082055024e-01
1.579850679538146174e-01
1.441346513555687436e-01
1.454895855904931590e-01
1.451884898884021335e-01
1.423280771279678836e-01
1.304347790177987076e-01
1.387149215518460599e-01
1.337468353087872819e-01
1.344995745715422131e-01
1.328435482175690519e-01
1.268216305927066245e-01
1.260688949280487359e-01
1.372094430564458067e-01
1.387149215669008506e-01
1.387149215669008506e-01
1.382632780062369449e-01
1.396483160890412134e-01
1.267011883885895140e-01
1.117216629037386388e-01
7.965494203445466770e-02
5.869866365416678139e-02
4.841623523791783318e-02
3.694447772876590513e-02
2.676743332989760943e-02
2.134770533275085272e-02
1.880344468467776142e-02
1.604841685996693038e-02
