2.052404085450944549e-01
2.032331022787155217e-01
2.032331022720245128e-01
2.015603483815554542e-01
2.122659812870343610e-01
2.146078383301688874e-01
2.020287178845792675e-01
2.122659812870343610e-01
2.079168147792123944e-01
2.049727647360870542e-01
2.008912420439634694e-01
1.992184865543401573e-01
1.885128520563980059e-01
1.903194278513707371e-01
1.872415590886682135e-01
1.910554395709387066e-01
1.955384247916468754e-01
1.955384247916468754e-01
1.948693232314446244e-01
1.917245427236041744e-01
1.867062762480432014e-01
1.873753794073996781e-01
1.834276754348533045e-01
1.840967785808277357e-01
1.808181777609468577e-01
1.865055457833280361e-01
1.826916637152853351e-01
1.786101394240074969e-01
1.862379051592471246e-01
1.854349816945412011e-01
1.842975074463886476e-01
1.827585722688057634e-01
1.838960465169583169e-01
1.837622262116088978e-01
1.784094073735200958e-01
1.780079464373987563e-01
1.784094073735200958e-01
1.796137901751930777e-01
1.766697401320678207e-01
1.764020995079868814e-01
1.747293440183635971e-01
1.739933323054866365e-01
1.723874885676922597e-01
1.690419775884456355e-01
1.677706830349436629e-01
1.670346713220667023e-01
1.635218857506738344e-01
1.635887959033485717e-01
1.623175029423098437e-01
1.615814912227418465e-01
1.577006989953333993e-01
1.574999685306182340e-01
1.572992380592120598e-01
1.566301364990098088e-01
1.552250216334673805e-01
1.510431329094091002e-01
1.464932375360261940e-01
1.435491874929009093e-01
1.414080593220183035e-01
1.396014835203545357e-01
1.375272655021466117e-01
1.363228811013193764e-01
1.340479326117053060e-01
1.327766380515122968e-01
1.332450091403083459e-01
1.357206880946375815e-01
1.329773685229184710e-01
1.337133818282586761e-01
1.348508560764111741e-01
1.357206897004828716e-01
1.324420872747566758e-01
1.341148427643800156e-01
1.367912521834243889e-01
1.378618146797480071e-01
1.394007482648676466e-01
1.374603521444723864e-01
1.374603521444723864e-01
1.361890575909704137e-01
1.369250709030016278e-01
1.366574286864574994e-01
1.359883271262552484e-01
1.355868661901339089e-01
1.345163021013470739e-01
1.333119192929830832e-01
1.325759075801061226e-01
1.322413568033505016e-01
1.312377044663926573e-01
1.323885581958007540e-01
1.318532769476389865e-01
1.311841753874367633e-01
1.313179956994771913e-01
1.315722552431482506e-01
1.323885597882640264e-01
1.329238410431168305e-01
1.295114199045044601e-01
1.301805230571699001e-01
1.305150738339254934e-01
1.292303982067047607e-01
1.289627575826238493e-01
1.292973099585336960e-01
1.372730043660123078e-01
1.403374920416139704e-01
1.443521061668350813e-01
1.509762211575801372e-01
1.781417699343656735e-01
1.903194278580617460e-01
1.853011597967285373e-01
1.772719331253675146e-01
1.772719331253675701e-01
1.776733956539521264e-01
1.777403058066268360e-01
1.781417667427481755e-01
1.826916637152853073e-01
1.807512676015811115e-01
1.808850879136215395e-01
1.800821660480698971e-01
1.822902027791639401e-01
1.818218316903679188e-01
1.793461511435754385e-01
1.802828949270128545e-01
1.759337284191908601e-01
1.741940627768928385e-01
1.771381128200181232e-01
1.768035620432625021e-01
1.790116003735108263e-01
1.811527285443934598e-01
1.806843574555974108e-01
1.818218316970589277e-01
1.828923941866915093e-01
1.824240230978954325e-01
1.845651496763148491e-01
1.830262144987319650e-01
1.825578434099358882e-01
1.846989699883553049e-01
1.840499400420767817e-01
1.827786454885748091e-01
1.823771829599901972e-01
1.802360563748798272e-01
1.818419017118283743e-01
1.827585722821878367e-01
1.822433626412587326e-01
1.823771829466081795e-01
1.833808352902570049e-01
1.862379035734749166e-01
1.863048137261496262e-01
1.849666090132819074e-01
1.855888736271963935e-01
1.855688004208094766e-01
1.842975058606164396e-01
1.846989667967378068e-01
1.854349801087690208e-01
1.854349801087690208e-01
1.856357121726384118e-01
1.865724559493847912e-01
1.905201583361589568e-01
1.899179669353224797e-01
1.875091981336679259e-01
1.893157739353317215e-01
1.876430184390173450e-01
1.855688020132726934e-01
1.797476120796967780e-01
1.798145238248347322e-01
1.822232910340260414e-01
1.802159847676471083e-01
1.785432276855605516e-01
1.775395737561394904e-01
1.801490730158181175e-01
1.769373807561487044e-01
1.791454190863970564e-01
1.769373807561487044e-01
1.769373807561487044e-01
1.772050213802295882e-01
1.725882174399442082e-01
1.763351893553121996e-01
1.776733940681799462e-01
1.749300760822330159e-01
1.646259025271031851e-01
1.634549755979991525e-01
1.587043513389823080e-01
1.568977755306274757e-01
1.554257505124103378e-01
1.493369215405257744e-01
1.433484554290315183e-01
1.510431329094091002e-01
1.510431329094090724e-01
1.458910445360354080e-01
1.510431329094091002e-01
1.510431329094091002e-01
1.543886438886556967e-01
1.545224642006961802e-01
1.497049282032323902e-01
1.528162544242760712e-01
1.566301364990098088e-01
1.566301364990098366e-01
1.567305009317902786e-01
1.571988720205863277e-01
1.569312314031964528e-01
1.572992380592120876e-01
1.582359802434952223e-01
1.581021583323004853e-01
1.595072731978429414e-01
1.596745477899891019e-01
1.592396309812987854e-01
1.582694329311377102e-01
1.599756427008668103e-01
1.608120204456784386e-01
1.607116560062069599e-01
1.621167692859771803e-01
1.619494931013677474e-01
1.612803931269377322e-01
1.613807575597181743e-01
1.628862368647320813e-01
1.618156743817905641e-01
1.618825845411562825e-01
1.656964666091990113e-01
1.600425528602325287e-01
1.664324799212301698e-01
1.697779924862490575e-01
1.709823768870763205e-01
1.689750690215431339e-01
1.665663018257338701e-01
1.641575330240793162e-01
1.604105595162481079e-01
1.636891603361290415e-01
1.631873349739182411e-01
1.615145762792954409e-01
1.627524165526916533e-01
1.623175013431555902e-01
1.641240771448193303e-01
1.641575314249250905e-01
1.633546095526824116e-01
1.639233450742589027e-01
1.628527809921631320e-01
1.629196911448378415e-01
1.633211536734223979e-01
1.601429188854762153e-01
1.585370751476818385e-01
1.595741833572086876e-01
1.570985059953426133e-01
1.575668770774476535e-01
1.548235575124196073e-01
1.522809699978788511e-01
1.523144258771388371e-01
1.517122344696113234e-01
1.504409415018815865e-01
1.506416719732877330e-01
1.476307085925612772e-01
1.455564937592798425e-01
1.407389561626617991e-01
1.397353022265497291e-01
1.335126497710802662e-01
1.332450091469993825e-01
1.319068044408227003e-01
1.316391670016682502e-01
1.314384365302620483e-01
1.327766412431297949e-01
1.325223816927676712e-01
1.329238426288890385e-01
1.331245731002952126e-01
1.331245731002952404e-01
1.277048448990723006e-01
1.217163795771185886e-01
1.118805771107848485e-01
1.020447754406827168e-01
8.730445480213439025e-02
7.554832902702204867e-02
6.694367469472536913e-02
5.563584720348346835e-02
4.410052629716614686e-02
3.138758433515210361e-02
