3.816691163067865711e-01
3.678414100707771417e-01
3.595509055061800741e-01
3.912750893004082742e-01
4.181350992039989944e-01
4.252936902272865805e-01
4.079784644647379555e-01
4.090186020209429230e-01
3.973935398499848781e-01
3.945790481042204534e-01
3.976994607728354114e-01
3.852790018684612017e-01
3.954968196252900414e-01
4.123225666597669647e-01
4.198482674584848029e-01
4.290871335941822684e-01
4.250489494044977778e-01
4.216838017481059353e-01
4.242535497535755984e-01
4.250489523220036814e-01
4.419358852915544200e-01
5.145007383930431111e-01
5.379956064752539069e-01
5.646108813910677426e-01
6.076847994009403342e-01
6.171684034419206988e-01
6.532672823987147881e-01
6.743759311056173322e-01
6.280592402270064323e-01
5.820484731887517471e-01
5.863313894487071076e-01
5.692609015914413817e-01
5.471732866758778346e-01
5.605727030363951702e-01
5.671194492964756195e-01
5.679760290474596962e-01
5.562897838589337951e-01
5.644885124384262376e-01
5.680983980001009792e-01
5.775819991235753292e-01
5.870656089995676119e-01
5.777655540112903720e-01
5.485193451549332799e-01
5.554943842080116712e-01
5.387910061261761419e-01
5.248409338550312775e-01
5.241067230566887059e-01
5.258810714112361895e-01
5.173764160738811846e-01
5.306534663992632517e-01
5.593490105924751044e-01
5.746451413426755250e-01
5.754405409935976490e-01
5.971610578037549466e-01
6.169848514717115595e-01
6.201052583053145995e-01
6.010768613707742070e-01
6.120288811734276857e-01
6.553475516761129160e-01
6.522271390074978470e-01
6.398678543681735054e-01
6.388889027470422421e-01
6.180861574579544770e-01
5.999143461094099683e-01
6.040748963342299493e-01
5.521904195691875739e-01
5.524963404920381072e-01
5.462555180723140946e-01
5.346304617363680789e-01
5.232807304382296465e-01
4.993575783155388970e-01
4.680004984617288644e-01
4.724669666918934752e-01
4.766275139992074417e-01
4.835413641997062251e-01
4.897821866194300711e-01
4.928414133529714358e-01
4.951052433530964691e-01
4.878242862946733926e-01
5.115638893646612395e-01
5.369554776715668165e-01
5.545766272744718783e-01
5.572687442325831020e-01
5.532917518129840673e-01
5.395864145296161984e-01
4.940957075169462032e-01
4.844897374408304036e-01
4.957476927538642664e-01
5.396781905147206571e-01
5.511502907655004835e-01
5.279001693410904084e-01
5.616128522626240294e-01
5.911037844367341698e-01
5.911037873542401844e-01
5.871267861821234391e-01
5.622858625383631015e-01
5.630812621892852254e-01
5.694444564791565355e-01
5.581253181485549275e-01
5.580641322134813898e-01
5.550660884975077147e-01
5.471732866758778346e-01
5.237396132812585092e-01
5.345080927837266849e-01
5.768477912427387722e-01
5.930005075789350766e-01
5.952643404965660689e-01
6.119065326433279495e-01
6.108663980046289410e-01
6.082354465590499304e-01
6.085413645643944491e-01
6.079295285537053006e-01
5.853218361075210874e-01
5.717388706943005161e-01
5.546072085719848666e-01
5.540871397938824661e-01
5.466226278477441802e-01
5.523127885218289679e-01
5.522515996692493045e-01
5.528634473499624002e-01
5.540259596938206244e-01
5.567180737344259445e-01
5.600832243083235795e-01
5.469285429355830175e-01
5.323054428836633267e-01
5.109520446014541584e-01
5.289097080947465779e-01
5.489170478979004120e-01
5.597161262029171080e-01
5.564121615640930107e-01
5.419114246298029069e-01
5.282672732815086869e-01
5.364048100909155625e-01
5.231277656005455245e-01
5.229136206627994499e-01
5.421255695675489816e-01
5.433798549790058718e-01
5.525575351796296886e-01
5.332843974223006045e-01
5.307758382694106603e-01
5.212922283934183776e-01
5.151737749263358701e-01
5.254833715857751830e-01
5.423397145052949453e-01
5.464390787950411665e-01
5.485805369250189578e-01
5.365271819610629711e-01
5.248409280200193594e-01
5.023250232289636630e-01
4.929637910581307070e-01
4.996023103858097114e-01
4.814610949223080971e-01
4.839696569927040004e-01
4.883749451228068805e-01
4.998776354236176278e-01
5.418502328597172291e-01
5.460719661021049554e-01
5.363436299908538318e-01
5.836392812431139276e-01
5.982623754600218113e-01
6.009544982531447310e-01
5.861478345609920648e-01
5.826603150344529247e-01
5.813142507203854503e-01
5.792951644605550676e-01
5.714635544090106434e-01
5.583088730362699703e-01
5.392804790192358144e-01
5.223935518846971604e-01
5.095447972698188277e-01
4.850098003839209970e-01
4.650636435983350192e-01
4.596182149945213236e-01
4.334312357892113332e-01
4.396108722738616414e-01
4.122001947896196672e-01
3.931718066075971518e-01
3.816079362067247849e-01
3.705641258314369968e-01
3.340981429342246289e-01
2.538852200813767612e-01
2.268722424225958489e-01
1.820851649107554926e-01
1.734887394233078362e-01
1.652288249087416339e-01
1.421561403620404951e-01
1.431350934419247656e-01
1.435878597337003904e-01
1.535976491040363934e-01
1.701174722981568521e-01
2.015418488032817701e-01
2.103524192284754180e-01
2.094958365599855210e-01
