3.814459736090300979e-01
3.613630474046011787e-01
3.597758493348242048e-01
3.900621952325323272e-01
4.162347794634167486e-01
4.225835748316485452e-01
4.098211989874598338e-01
4.122829774767816646e-01
3.980953632430047628e-01
3.945322595462243398e-01
3.954392325196317004e-01
3.819642390252109276e-01
3.927831048853826501e-01
4.134490816137174618e-01
4.181135074288326869e-01
4.277662660629445446e-01
4.190852562425931849e-01
4.223892225975972581e-01
4.243975146002153531e-01
4.243975176893393098e-01
4.422777996570989023e-01
5.154185057952807014e-01
5.419150155647904921e-01
5.637470995191851131e-01
6.074112674279743551e-01
6.185540526485235890e-01
6.598212271757160075e-01
6.742679571274015071e-01
6.249676207679846218e-01
5.803317071345586164e-01
5.846074253924472552e-01
5.636175293037348766e-01
5.467090054171078739e-01
5.638118846269101203e-01
5.684115222451762151e-01
5.692537070217346118e-01
5.546773914089790924e-01
5.633583981402064955e-01
5.680228177770737519e-01
5.794247341611512558e-01
5.870044249522918811e-01
5.753433681373139041e-01
5.465146531830564758e-01
5.535760692906444014e-01
5.395180221831937795e-01
5.227390654228928346e-01
5.196942364096651668e-01
5.278569715464637158e-01
5.199533644840695912e-01
5.357605755197338837e-01
5.601839989115287022e-01
5.750842277064136532e-01
5.769629556718295360e-01
5.993133143097768567e-01
6.170640322403342370e-01
6.194610194436830364e-01
5.952319359294436785e-01
6.102617287615310637e-01
6.535372076478375147e-01
6.516584827715455885e-01
6.370173758728170377e-01
6.431070338992724844e-01
6.214693021789292615e-01
5.992485137564319553e-01
6.033298828693932636e-01
5.534465021643182325e-01
5.496242673040092619e-01
5.502721029356403282e-01
5.348536056354504797e-01
5.271119613423690398e-01
4.951736353562828929e-01
4.666364441194164048e-01
4.693573537722666722e-01
4.761596325380781369e-01
4.810831864275977865e-01
4.920316163249716657e-01
4.920964014326967284e-01
4.951412335350484084e-01
4.878854713716571645e-01
5.128271694470045716e-01
5.342705582006684883e-01
5.551308871630546982e-01
5.560378570473382132e-01
5.518269238971745816e-01
5.415911085609088627e-01
5.013280784904633469e-01
4.844195546038361777e-01
4.969227961953724959e-01
5.373477797677588264e-01
5.495594945527801922e-01
5.303835413217585781e-01
5.630344942254489338e-01
5.872635561158202622e-01
5.879113917474513284e-01
5.881057378032547023e-01
5.637470933409371998e-01
5.645892812066195532e-01
5.699663246719667287e-01
5.611557508144130457e-01
5.587587574328164441e-01
5.548069554461813047e-01
5.472920559410138219e-01
5.222207969175880482e-01
5.349831727617767596e-01
5.777403646080345734e-01
5.926405964920435920e-01
5.934180054282487404e-01
6.118165589904370760e-01
6.134361465249525969e-01
6.063747149717449991e-01
6.081886547403118071e-01
6.084477951712120580e-01
5.856115605818223990e-01
5.720069999610754019e-01
5.518593040945412032e-01
5.551308748065588716e-01
5.468385725434339317e-01
5.513086430353739686e-01
5.520860427042071361e-01
5.545478211935290780e-01
5.513734281430988649e-01
5.545478211935290780e-01
5.570095996828507978e-01
5.464498649862075119e-01
5.316144182099236115e-01
5.086810183154422127e-01
5.299624412106694882e-01
5.482314214682837417e-01
5.557787197055616968e-01
5.580461490499560862e-01
5.476807665873641984e-01
5.271443569853556665e-01
5.346592503122752360e-01
5.229334145678201651e-01
5.256867198636568927e-01
5.422065485495534132e-01
5.445711555555353689e-01
5.498186257163084623e-01
5.330396596886357585e-01
5.298004846196047168e-01
5.194998810864899230e-01
5.150945957022751154e-01
5.255571527373307239e-01
5.456724714956221467e-01
5.462555251086520514e-01
5.507255956005919773e-01
5.350479547803778102e-01
5.233868948762759876e-01
4.994169579711849050e-01
4.932625148370044510e-01
5.008098038069105362e-01
4.842575887453995365e-01
4.831562635379408333e-01
4.885980890218893369e-01
5.007774081639242425e-01
5.353718710516313095e-01
5.467737874357089245e-01
5.360844948801114507e-01
5.818865280960928699e-01
6.021637910889533485e-01
6.017103076913735693e-01
5.863565831424129016e-01
5.823399960480528659e-01
5.864213589827661499e-01
5.801373518113833727e-01
5.727520286999139287e-01
5.592122439195200689e-01
5.422389318360439914e-01
5.209251225652021811e-01
5.065431560973738812e-01
4.847110752321032723e-01
4.629437794745576706e-01
4.573075986674340343e-01
4.338559271785238924e-01
4.406582090334594248e-01
4.116351387560266972e-01
3.909043800090906684e-01
3.820938123297850653e-01
3.705947182841198839e-01
3.365185300799653501e-01
2.486071530058528156e-01
2.301762068898019764e-01
1.817180583960672502e-01
1.741707663370370973e-01
1.665262966164193503e-01
1.392459154633765572e-01
1.398937526395695186e-01
1.473049996793257821e-01
1.503886991393637296e-01
1.711842429940247656e-01
2.004405282295090851e-01
2.062710520033121109e-01
2.097693675032434868e-01
