3.771338135349758813e-01
3.664647589888730406e-01
3.618529741629085139e-01
3.895236798365014907e-01
4.200165244036784262e-01
4.219438354077806874e-01
4.090721397141323656e-01
4.149229101855912427e-01
3.998485700622033123e-01
3.946172874902003080e-01
3.954432812027240396e-01
3.829157498294768480e-01
3.891795155161004716e-01
4.161618958310855376e-01
4.189840380068636794e-01
4.263491242672599602e-01
4.200165211214842431e-01
4.246971401244066802e-01
4.256607956264578108e-01
4.261426250185804676e-01
4.426624533183364241e-01
5.172081536583638117e-01
5.470126761491269640e-01
5.684196194182906670e-01
6.097191836032920254e-01
6.233480421147004069e-01
6.596916604355302916e-01
6.841272155894035922e-01
6.202505599488965515e-01
5.826679658291548103e-01
5.795705000743219815e-01
5.608480273448264164e-01
5.510049697934416013e-01
5.614675283730590216e-01
5.674559639162395364e-01
5.719300803882882978e-01
5.564427450497355654e-01
5.631195059515239354e-01
5.693832749203417976e-01
5.769548604294175709e-01
5.890005722571247659e-01
5.762665350708096046e-01
5.527946157258221138e-01
5.538271054048311548e-01
5.416437350697907993e-01
5.222329435460757452e-01
5.167951682897816701e-01
5.229212689046837115e-01
5.188601410834112748e-01
5.369631226312567840e-01
5.646338250226556887e-01
5.706222572836419094e-01
5.742015524305974505e-01
5.993254592006322934e-01
6.170842764280768389e-01
6.208012300823655405e-01
5.894135576257069076e-01
6.108893219430516774e-01
6.411756803903259083e-01
6.492290952915242830e-01
6.367015573538886697e-01
6.448926340446146099e-01
6.172907592657852494e-01
6.025605768984099164e-01
6.034554015056974308e-01
5.547219300121186691e-01
5.485958261150223336e-01
5.496971499709892850e-01
5.353799726653614144e-01
5.243323367103784882e-01
4.957668097116922912e-01
4.656525432712012025e-01
4.682681796339114300e-01
4.730864604263612105e-01
4.800385514715927449e-01
4.911894288454298207e-01
4.917400924145104435e-01
4.948375614515374554e-01
4.885049648701501601e-01
5.141106944679194601e-01
5.378579538029326645e-01
5.592648937899020734e-01
5.567180850397615011e-01
5.547219431408954016e-01
5.475633495647902471e-01
4.989675267319619856e-01
4.816561283725496745e-01
4.941836630279911047e-01
5.393378525033911686e-01
5.474945186700265198e-01
5.291850444378899399e-01
5.602973867511054085e-01
5.876239182577145392e-01
5.896200601565805277e-01
5.894823885204706349e-01
5.642896574200604309e-01
5.642208232431025205e-01
5.689702797051769956e-01
5.600908710914547228e-01
5.593337115558889572e-01
5.551349219450891770e-01
5.468061801826418211e-01
5.219576134026325809e-01
5.382021082767511899e-01
5.773678589267765560e-01
5.943006758773088372e-01
5.925798674040803071e-01
6.155011297443756524e-01
6.095126876368067714e-01
6.068970315809313343e-01
6.111646520864948418e-01
6.079295245421345584e-01
5.836660252909080526e-01
5.714826549558676971e-01
5.530355320629806171e-01
5.522439554389357852e-01
5.466685151109200724e-01
5.508673047217199636e-01
5.536894370509153340e-01
5.538271021226370827e-01
5.514867991855640916e-01
5.576128965182720609e-01
5.567869060879424570e-01
5.474256680820975829e-01
5.316630058822958693e-01
5.075715986378526168e-01
5.287376255698578165e-01
5.471159274145639406e-01
5.543089413613422334e-01
5.593337246846656896e-01
5.475633462825959530e-01
5.297357014425820854e-01
5.330396598817059850e-01
5.212692847618304315e-01
5.249518311742228382e-01
5.424009011697451532e-01
5.460490337758526769e-01
5.480451756747186653e-01
5.296668639834299919e-01
5.323513410874864960e-01
5.216134458000373231e-01
5.194108046524918976e-01
5.278428009625704131e-01
5.468750176417938036e-01
5.455672011015358924e-01
5.484581708898834673e-01
5.344163138811161007e-01
5.219576068382442147e-01
4.960077194844623172e-01
4.894686236543955293e-01
4.992772673994956278e-01
4.863023204404105515e-01
4.838931767619913948e-01
4.883672965162343949e-01
5.008259969947179702e-01
5.344851447758797169e-01
5.483893301485370797e-01
5.341409837376729364e-01
5.856966171001949384e-01
5.994631209901597479e-01
6.060022233846149575e-01
5.852147745792954936e-01
5.799146578303346899e-01
5.856965908426413625e-01
5.809471442271494368e-01
5.721365862013561010e-01
5.601597052684126332e-01
5.438463762173362248e-01
5.193419737577282813e-01
5.068144391022867401e-01
4.850633347949162566e-01
4.672356965192907552e-01
4.577367901595300603e-01
4.328193892025630207e-01
4.430754485335011705e-01
4.142345815447890933e-01
3.884911901574924498e-01
3.814014373227335719e-01
3.706291347933881042e-01
3.349738451133602579e-01
2.464551219415234140e-01
2.276294012287852220e-01
1.816492246052498483e-01
1.703262617890179687e-01
1.629611722464274493e-01
1.385875520972840169e-01
1.396888743121538212e-01
1.489743920975896696e-01
1.533177295413679642e-01
1.703193806688581280e-01
1.980313878332841671e-01
2.036756590560635238e-01
2.113849096368609071e-01
