3.751573338549634151e-01
3.671334193153182879e-01
3.674480823363961979e-01
3.876652020715874447e-01
4.183448766353171089e-01
4.206261816625924688e-01
4.045783525833023253e-01
4.131529292853732827e-01
3.987570829422816820e-01
3.901825024891315552e-01
3.895531764469757907e-01
3.825519186013734974e-01
3.902611701199406591e-01
4.196821925993586833e-01
4.138609267094173205e-01
4.272341163584659762e-01
4.199181879896276004e-01
4.223568320296000600e-01
4.237728156244507383e-01
4.262114596644232534e-01
4.428099546572185075e-01
5.224197665093553988e-01
5.533354439655121526e-01
5.718219208358538141e-01
6.112334998611144155e-01
6.222467243542368909e-01
6.603209874154558623e-01
6.873033470995061345e-01
6.243706866177360926e-01
5.803964937868456575e-01
5.695406083064202818e-01
5.568754010770990970e-01
5.540434376384769655e-01
5.544367645392848098e-01
5.664726419753709497e-01
5.626966782202778017e-01
5.520767881301212876e-01
5.593140451170716121e-01
5.696192721861501607e-01
5.885777360859506535e-01
5.969949887796408561e-01
5.723725717450424133e-01
5.570327363387171937e-01
5.488514902885330837e-01
5.453901970566760182e-01
5.239144252371730204e-01
5.215544525790887231e-01
5.267463961779533799e-01
5.195091354399240524e-01
5.382316114516138006e-01
5.660006436926749984e-01
5.728445662766592505e-01
5.700125990869581161e-01
5.975456434399085692e-01
6.209880722699253619e-01
6.205160664850710717e-01
5.868470819678640593e-01
6.046255614141617940e-01
6.369572262162481735e-01
6.522970691247317321e-01
6.331812624611551366e-01
6.415198362707990043e-01
6.213813804153377474e-01
5.970736339039753870e-01
6.034455694585009189e-01
5.582127282943779578e-01
5.508968036766186405e-01
5.491661570606900522e-01
5.353209728800244482e-01
5.255270741579671778e-01
5.031859809060394984e-01
4.622404130886357265e-01
4.652297117888760103e-01
4.765575918009182788e-01
4.815135362584350709e-01
4.926054133780503053e-01
4.929987440299372081e-01
4.963027132534135188e-01
4.885148016061955922e-01
5.176211573134564814e-01
5.407489231223954196e-01
5.609660428575865554e-01
5.615953688997424864e-01
5.650566658826786659e-01
5.536501182398272380e-01
4.923694329920977331e-01
4.891047975840259743e-01
4.887901383140271783e-01
5.412602477183376948e-01
5.495594989658143525e-01
5.232851066971754284e-01
5.645846751021408316e-01
5.941630178388604966e-01
5.837791193878938412e-01
5.855097660038223184e-01
5.625393429586597049e-01
5.648206479859351203e-01
5.655286491610581612e-01
5.610446954840792033e-01
5.563247464168312728e-01
5.563247426657522698e-01
5.497954831028458722e-01
5.164411728599538343e-01
5.372089547575710222e-01
5.740245657344783536e-01
5.957363254420918741e-01
6.017936054776977794e-01
6.153241303883645319e-01
6.068282138149444505e-01
6.054122152157775938e-01
6.168974229872796755e-01
6.100535004032955344e-01
5.877910635289395058e-01
5.778398370474223666e-01
5.513294681439100398e-01
5.523127872714692632e-01
5.493234848201499210e-01
5.517621288601224361e-01
5.569540687079080898e-01
5.479074974742201842e-01
5.516834649803925572e-01
5.579767254019508682e-01
5.534927717249719104e-01
5.497954756006878663e-01
5.329609889687026980e-01
5.060572819111452958e-01
5.296177009341381803e-01
5.461375207939661580e-01
5.511328065690457301e-01
5.578194051446491164e-01
5.438168857023655267e-01
5.271397268298403382e-01
5.315450091249311892e-01
5.169918312713006614e-01
5.223017763163789740e-01
5.450755377866770557e-01
5.453115444301833703e-01
5.439742172129043984e-01
5.303650246714285421e-01
5.346129867092178634e-01
5.223411063807044119e-01
5.203744606234279590e-01
5.311123484087187929e-01
5.485368347696133462e-01
5.424795659872447828e-01
5.489301654215003046e-01
5.360289628019101471e-01
5.217117765874695889e-01
5.061359420397962827e-01
4.981906951309600928e-01
4.998033478028332532e-01
4.881214709543085783e-01
4.879641356926905371e-01
4.944933952555968792e-01
5.003146686476965810e-01
5.385462707216126521e-01
5.460981869785618281e-01
5.350063098589464827e-01
5.906230682294316692e-01
5.978602989588283068e-01
6.082442011608740762e-01
5.829924618351990384e-01
5.780365098755240183e-01
5.853524269911252187e-01
5.793738295906447622e-01
5.724512468780096341e-01
5.603367018111142794e-01
5.425582223648165447e-01
5.180144879653434398e-01
5.105412318370452507e-01
4.810415454778972921e-01
4.694776738266650540e-01
4.638137244429461625e-01
4.360446884508058507e-01
4.512271960976712570e-01
4.122089364710603832e-01
3.881371928521251680e-01
3.768093203422410165e-01
3.687460719871914483e-01
3.306718089259725324e-01
2.469320327311808894e-01
2.247875973030385999e-01
1.784534243119057229e-01
1.659455560952816378e-01
1.574496507750987317e-01
1.345500293478801568e-01
1.442259266237238824e-01
1.555459406229011132e-01
1.453272490730361521e-01
1.786815574403886053e-01
1.969005673668429435e-01
2.055538079486438907e-01
2.110604108175074267e-01
