3.827382352923657249e-01
3.686529095944783840e-01
3.613204269238868838e-01
3.934616322642570108e-01
4.115464919541375610e-01
4.231973140136739420e-01
4.073150954713387617e-01
4.060978450341398704e-01
3.957801991292991817e-01
3.964178043952963360e-01
4.004753067739439398e-01
3.842453055512125570e-01
3.967076297448502986e-01
4.128217024861318696e-01
4.204729933176281076e-01
4.287039237924200052e-01
4.256318121241188246e-01
4.216902409908740434e-01
4.245304901683695786e-01
4.253999579251723229e-01
4.393693551416099630e-01
5.103176493597818553e-01
5.393577657484062149e-01
5.668908118781836869e-01
6.035242507116498345e-01
6.173777194466376628e-01
6.528518734656061362e-01
6.704150397872211675e-01
6.273475660873639725e-01
5.837584183669121130e-01
5.849756688041111152e-01
5.672385917946268785e-01
5.484001983572995842e-01
5.616160618262900917e-01
5.661952409894851490e-01
5.675284143802279413e-01
5.569789142764406398e-01
5.677602768710333647e-01
5.676443428616776421e-01
5.759912018179192961e-01
5.887433513611108893e-01
5.761071302993689969e-01
5.495015203130486636e-01
5.577904164105420559e-01
5.391838744082081414e-01
5.236494440741752410e-01
5.295038448251766505e-01
5.231277672896278430e-01
5.201715841027764187e-01
5.346626636316674785e-01
5.605147343426349904e-01
5.699629152546258348e-01
5.749478454848715447e-01
5.966844620142550681e-01
6.170878968610367110e-01
6.203918599643314380e-01
6.001043480710933631e-01
6.104799457788704364e-01
6.533155818634991396e-01
6.540111527521976775e-01
6.360422132519079064e-01
6.380130002005067746e-01
6.132042747667751925e-01
5.981915212172898011e-01
6.007999134318859902e-01
5.523417694905443653e-01
5.511245190533453631e-01
5.475307333644497954e-01
5.348655377832163271e-01
5.242001091979794358e-01
4.926095689814133927e-01
4.710178609808773342e-01
4.736262531954734678e-01
4.762926082688178631e-01
4.809297502907613486e-01
4.911314677141521146e-01
4.950150759886485785e-01
4.932761487669022338e-01
4.859146860489128583e-01
5.108393344361883415e-01
5.409228126857665853e-01
5.488639233389105421e-01
5.571528139084979125e-01
5.519939951020070845e-01
5.416183835744651232e-01
4.981161759962064450e-01
4.798574249661278213e-01
4.955077837816103670e-01
5.364885448153720038e-01
5.504289564565058024e-01
5.267215612703824990e-01
5.637027855481978600e-01
5.892070625229568481e-01
5.897867104581117070e-01
5.866566304031561874e-01
5.656155902903773347e-01
5.632390550386807693e-01
5.701947722175253475e-01
5.612103079952863727e-01
5.567470545495881717e-01
5.537908741266898138e-01
5.463134829272509041e-01
5.217366255122307672e-01
5.388360944917649498e-01
5.806283521317217033e-01
5.900765302797597034e-01
5.984813576226557519e-01
6.057848574818965881e-01
6.103060737863432728e-01
6.099582717582759939e-01
6.099003061355745547e-01
6.075237764117840111e-01
5.874391441980006956e-01
5.736436438496673729e-01
5.541676451463427577e-01
5.538488425133442083e-01
5.460816287283042358e-01
5.524576979719940661e-01
5.519939812822420855e-01
5.529793747565415751e-01
5.546603474113984689e-01
5.529793775204946416e-01
5.594134151508387554e-01
5.506028367408919433e-01
5.349524779254093421e-01
5.140853374446876511e-01
5.258231079382760242e-01
5.512694331100989054e-01
5.609204937015445092e-01
5.564572430197992636e-01
5.418502405373646358e-01
5.311268435654734610e-01
5.353582317564129500e-01
5.190702649109802946e-01
5.230987844782771790e-01
5.408358642517144821e-01
5.442847414117625293e-01
5.535010653608539721e-01
5.336772673934150335e-01
5.317644515954235152e-01
5.223162651555266489e-01
5.177950488510799643e-01
5.278518577456233762e-01
5.392418455588154913e-01
5.449223466777596281e-01
5.469510964851069801e-01
5.367493790617161586e-01
5.244609406803706353e-01
5.046371537687437403e-01
4.922327979617603932e-01
5.010143852684973975e-01
4.792487914556692874e-01
4.840598248178107355e-01
4.875956476479579860e-01
4.993623981889441787e-01
5.398794452969065683e-01
5.462555200685024204e-01
5.362856651359171334e-01
5.824252505040754535e-01
5.966264963915536290e-01
6.017853207259504789e-01
5.853234542484604397e-01
5.843960236329094338e-01
5.794690534974591412e-01
5.776142005582159955e-01
5.720496362125805367e-01
5.576744851651391777e-01
5.403431564587526381e-01
5.225481221184262726e-01
5.104335833691376889e-01
4.798284366268711354e-01
4.623232193442394222e-01
4.606422522172883838e-01
4.357755694527143397e-01
4.362972462372617932e-01
4.113146294633319711e-01
3.931718069147030481e-01
3.823324897532210942e-01
3.714062186297810153e-01
3.336134977457703710e-01
2.566948770591002682e-01
2.293647078448246002e-01
1.849060951315232570e-01
1.739798267720361336e-01
1.641258920290415424e-01
1.421516308191380362e-01
1.430153011844847166e-01
1.409575685657867561e-01
1.546139563947522555e-01
1.674820288914875555e-01
2.009622050140564831e-01
2.102364918218962708e-01
2.081497763918475907e-01
