3.773862087993490877e-01
3.762848794730584423e-01
3.762848794730584423e-01
4.005139496010938771e-01
4.218061648657354112e-01
4.192364081077479265e-01
4.251101353395714266e-01
4.027165907486393581e-01
4.093245316963113889e-01
3.700440366307928275e-01
3.696769385253864115e-01
3.744493364309193772e-01
4.107929591280083392e-01
4.115271728438568144e-01
4.122613865597052896e-01
4.129956002755537092e-01
4.375917685089955600e-01
4.478707780359099111e-01
4.324522900030919881e-01
4.346549311506374136e-01
4.493392229726426712e-01
5.220264508617846744e-01
5.154185099141126436e-01
5.620411246330802024e-01
6.138032353629870874e-01
6.380323405010940307e-01
7.331131129811682134e-01
6.417033565652291438e-01
6.167400902263809881e-01
5.965492217930657981e-01
5.671806381490552829e-01
5.418502211896935039e-01
5.411160249788807830e-01
5.660793088227648040e-01
5.811307162552120653e-01
5.866373103715577519e-01
5.513950170007594354e-01
5.697503774020070688e-01
5.994860766564596988e-01
5.928781357087876680e-01
5.866373103715577519e-01
5.789280576026308855e-01
5.334067722099539166e-01
5.502936876744688455e-01
5.256975194410270502e-01
4.955947220811680598e-01
5.025697611342464510e-01
5.040381885659434014e-01
4.944934102599132797e-01
5.363436270733478173e-01
5.906755120662779968e-01
5.866373103715578630e-01
5.848017673294186869e-01
6.281204290795859846e-01
6.328928269851189503e-01
6.093979880779678560e-01
5.763583183496790996e-01
6.156387784051261525e-01
6.560205852918995495e-01
6.409691953644879314e-01
6.193098644894042826e-01
6.372981092802098013e-01
6.130690391521743665e-01
6.204111763106591182e-01
5.631424364543350380e-01
5.675477187494258891e-01
5.491923758532140099e-01
5.598384834855347769e-01
5.308370154519663764e-01
5.038546307607223440e-01
4.910058819808562069e-01
4.151982589281349445e-01
4.430983976354127551e-01
4.930249653231804641e-01
4.930249653231804641e-01
4.827459733013019227e-01
5.011013337025495007e-01
4.981644788391556555e-01
4.845815163434409878e-01
4.944934102599132797e-01
5.697503949070429341e-01
5.627753733590002971e-01
5.679148693699395123e-01
5.594714028851641707e-01
5.267988487673176401e-01
4.900881279648223732e-01
4.790749047220595469e-01
4.961453779917954776e-01
5.356094133574993421e-01
5.499266070740982393e-01
5.132158862716029724e-01
5.594714028851642817e-01
5.803965200443994554e-01
5.796622538134436065e-01
5.440528448322031752e-01
5.502937051795045997e-01
5.844346517189764612e-01
5.495594739586203703e-01
5.561674149062924011e-01
5.587371716642799413e-01
5.524963463270501363e-01
5.524963463270499142e-01
5.253304038305849355e-01
5.352423152520929817e-01
5.675477537594973976e-01
5.756240871287948702e-01
6.035242433411084351e-01
6.016887353090409896e-01
6.138032703730585959e-01
5.939794475300425036e-01
6.450073270390651592e-01
6.149045471842419230e-01
5.932452163091582742e-01
5.578193826381746545e-01
5.499265720640266197e-01
5.477239484215171705e-01
5.418502386947291471e-01
5.495594739586203703e-01
5.532305600428985004e-01
5.576358423379893514e-01
5.425844349055419791e-01
5.440528798422746837e-01
5.385462507158574885e-01
5.290014724098273113e-01
5.587371716642799413e-01
5.352422977470572274e-01
5.367107426837899320e-01
5.759911852342011196e-01
5.374449388946026529e-01
5.444199954527167984e-01
5.429515505159842048e-01
5.154185274191483979e-01
5.080763727556278919e-01
5.099119157977668459e-01
4.875183712068348885e-01
5.414831405893228977e-01
5.789280926127025051e-01
5.370778407891961814e-01
5.378120720100806329e-01
5.091777020819184818e-01
5.091777020819184818e-01
5.143171980928579190e-01
5.539647562537112213e-01
5.378120545050447676e-01
5.308370154519663764e-01
5.396475975471838327e-01
5.245961901147364603e-01
5.113803432294639073e-01
5.227606470725973953e-01
4.974302651233071804e-01
4.790749047220595469e-01
4.842144007329987621e-01
5.003671024816652713e-01
5.201908903146098551e-01
5.187224803879487700e-01
5.172540529562517087e-01
5.444199779476810441e-01
5.080763552505921377e-01
5.833333749077933561e-01
6.064610982045023357e-01
5.859031141607450310e-01
5.866373103715577519e-01
6.027900121202242056e-01
6.108663804995931867e-01
5.723201166549588548e-01
5.789280576026308855e-01
5.543318893691890903e-01
5.396475975471838327e-01
5.345080840312087522e-01
5.146842961982641684e-01
4.933920634285868800e-01
4.809104477641986120e-01
4.350220292560436630e-01
4.368575547931470293e-01
4.475036799305034951e-01
4.074889886541723238e-01
3.689427248095379919e-01
3.564610916401139140e-01
3.476505270499322120e-01
2.914831165198987217e-01
1.699706152592079522e-01
2.008076438399511998e-01
1.529001244844362117e-01
1.674008760062561940e-01
1.442731176994755671e-01
1.574889995948196841e-01
1.084434691105306964e-01
1.266152804590751357e-01
1.748898629099249480e-01
2.081497809984359515e-01
2.015418400507638375e-01
1.967694596502667093e-01
2.136563926198173924e-01
