3.153153323361447824e-01
3.267813721673545890e-01
3.345618628788386562e-01
3.288288820705235205e-01
3.325143920420094434e-01
3.198198619363842310e-01
3.210483522107995813e-01
3.271908428539665459e-01
3.386568436188365783e-01
3.452088830403449715e-01
3.464373733557103985e-01
3.443899025188811858e-01
3.542179031744841500e-01
3.587223936674339697e-01
3.677314137606231270e-01
3.751024337445452161e-01
3.812449243467621041e-01
3.751024337445452161e-01
3.681409235545249348e-01
3.591319034613356109e-01
3.755119044721070831e-01
4.025389257262850795e-01
4.209664366811754488e-01
4.090909261224036086e-01
4.025389257262850795e-01
3.914824347962667095e-01
3.800163950469570007e-01
3.955774155362647981e-01
3.882063955523427090e-01
3.902539054555115849e-01
4.033579062477487542e-01
4.086814163285019674e-01
4.103194164377692021e-01
4.103194164377692021e-01
4.266994174894905290e-01
4.574119877814942225e-01
4.549549681253736710e-01
4.594594586183234353e-01
4.623259490429560969e-01
4.332514178856093356e-01
4.332514178856093356e-01
3.918919445492184406e-01
3.648649233359904653e-01
4.049959063570159334e-01
4.070434162192347327e-01
3.632268842013336996e-01
3.632268842013336996e-01
3.738739044037900361e-01
3.939394154679476401e-01
4.009009256170179003e-01
4.070434552855745625e-01
3.951679057423629904e-01
3.939393764016079769e-01
4.095004749826450241e-01
4.078624748733779559e-01
4.049959453824055200e-01
4.078624358070381817e-01
3.923014153177303842e-01
3.738739044037900361e-01
3.562653740113133627e-01
3.562653740113133627e-01
3.562653740113133627e-01
3.677313747352335405e-01
3.583128838735321620e-01
3.464373733557103985e-01
3.284193722356716361e-01
3.439803536995897915e-01
3.439803536995897915e-01
3.439803536995897915e-01
3.439803536995897915e-01
3.374283532625210746e-01
3.398853729595917028e-01
3.398853729595917028e-01
3.452088830403449715e-01
3.300573723449388708e-01
3.108108418431949627e-01
3.243243134039442421e-01
3.149058225831930513e-01
3.361998239217660611e-01
3.316953333878662202e-01
3.521703542049754998e-01
3.484848832588792189e-01
3.529893737518290386e-01
3.648648843515507889e-01
3.697788846384024164e-01
3.669123942137697547e-01
3.816543951152741587e-01
4.009009256170179003e-01
4.189189267780066284e-01
4.127764361348396638e-01
4.095004359163052499e-01
4.099099457102068911e-01
4.119574556133758780e-01
4.238329661311976970e-01
4.238329661311976970e-01
4.189189267370565517e-01
3.959868862638267761e-01
3.775594144162259802e-01
3.837019050184429791e-01
3.718263945415712368e-01
3.828828854715896068e-01
3.841113757869550338e-01
3.931203958391941700e-01
3.828828854306395857e-01
3.869779052369772820e-01
3.791974144845433048e-01
3.730548848159867537e-01
3.607698645042630159e-01
3.640458647227974853e-01
3.533988835457306799e-01
3.566748837642650938e-01
3.464373733557103985e-01
3.505323540957084316e-01
3.226863523200667050e-01
3.226863523200667050e-01
3.026208413378091433e-01
3.484848832998292956e-01
3.517608835183637095e-01
3.493039028466826679e-01
3.542179031744841500e-01
3.484848832588792189e-01
3.521703932713153296e-01
3.652743941045025200e-01
3.538083933805825088e-01
3.656839038984043277e-01
3.742834141976918438e-01
3.808354146347603941e-01
3.677314137606231270e-01
3.767404338538122843e-01
3.824734147030775522e-01
3.566748837642649828e-01
3.628174134737716661e-01
3.562653739703633415e-01
3.538083933396324876e-01
3.333333334561833783e-01
3.214578620047013335e-01
3.263718233071132291e-01
3.214578229793117470e-01
3.083538221461244455e-01
2.911548406138891876e-01
3.214578620456513547e-01
3.226863523610167817e-01
3.181818618271171073e-01
3.239148817427220384e-01
3.132678614993155697e-01
3.345618628788386562e-01
3.284193722766218237e-01
3.300573723858889474e-01
3.263718623734528368e-01
3.263718623734528368e-01
3.214578620456512992e-01
3.366093727820074766e-01
3.415233730688589375e-01
3.255528427856493878e-01
3.190008814149204452e-01
3.165438617587999492e-01
3.263718623325027601e-01
3.263718623325027601e-01
2.862408207529178461e-01
2.960688213675707892e-01
2.960688213675707892e-01
2.923833308883045379e-01
2.813268204660664407e-01
2.821457814543603115e-01
2.690418001543429249e-01
2.694512904150747623e-01
2.825552912482620083e-01
2.841933304238689062e-01
2.825553303146016715e-01
2.706797807304402448e-01
2.809173106312146673e-01
2.891073111775504523e-01
2.596232702672520154e-01
2.428337594625787632e-01
2.416052691472133362e-01
2.436527790503821844e-01
2.416052691472133362e-01
2.592137800474701992e-01
2.653562901419069253e-01
2.985258605978112212e-01
2.919738406275727560e-01
2.825553107404818465e-01
2.825553107404818465e-01
3.116298223237087273e-01
2.837837815636274352e-01
2.944308212583036100e-01
2.993448020529352882e-01
2.866503110545997601e-01
2.366912492862419670e-01
2.272727584654907762e-01
2.383292689286790333e-01
2.342342686964611342e-01
2.563472895818875164e-01
