3.193380742326176192e-01
3.135569111717270152e-01
3.153635306555895856e-01
3.244688945163468619e-01
3.268536316930596430e-01
3.249024793407611078e-01
3.224454757370568969e-01
3.274317355905634330e-01
3.436190445111087510e-01
3.473768163400433040e-01
3.487498441054316389e-01
3.497615534950766492e-01
3.541697094510793953e-01
3.533747924628018455e-01
3.639977169501569243e-01
3.773666969971946616e-01
3.808354099905439383e-01
3.720191118738848113e-01
3.637086650014050848e-01
3.750542331559862941e-01
3.844486489654955208e-01
4.010695358308481451e-01
4.051886260427525754e-01
3.940598433954787816e-01
3.905188708691980093e-01
3.997687607043313163e-01
3.940598502967652683e-01
3.950715596864102230e-01
3.981066740744517163e-01
4.001300928537416812e-01
4.080792144491916518e-01
4.096690484112937569e-01
4.113311350339469707e-01
4.147275747062447171e-01
4.240497378552030017e-01
4.327937695448705324e-01
4.386472128136461035e-01
4.423327113215293482e-01
4.413932752529357573e-01
4.356120984183781131e-01
4.385749532518086746e-01
4.171845851823294815e-01
3.985402795521398867e-01
3.955774178246493911e-01
4.035265463069328540e-01
3.796791677396895159e-01
3.629860006809049744e-01
3.793178424843391405e-01
3.934817395124279860e-01
4.104639723008577379e-01
4.095245224585972732e-01
4.056222108599403797e-01
3.965168538932429820e-01
4.093800033638284042e-01
4.083682870656704100e-01
4.087296054486402319e-01
4.093077300210974379e-01
4.041769235327145604e-01
3.813412543695691714e-01
3.656597967076560263e-01
3.644312880153572909e-01
3.663824403604292734e-01
3.624078830025077580e-01
3.681890736107322759e-01
3.488221174264831137e-01
3.446307538790742697e-01
3.496170275207006739e-01
3.387050372820207822e-01
3.528689343173360693e-01
3.570602909634585376e-01
3.473768025302439999e-01
3.394276878360804051e-01
3.405839232001013350e-01
3.410175080172891393e-01
3.400780650546356143e-01
3.358144419887482690e-01
3.381269058299566366e-01
3.275039951162684315e-01
3.365370994368677704e-01
3.332129193119545141e-01
3.449920722692705888e-01
3.476658682815687018e-01
3.574938758023257779e-01
3.672496237684717557e-01
3.679722674212450029e-01
3.767885724319640084e-01
3.853158117058111953e-01
4.063448614067735609e-01
4.106807509285582136e-01
4.193525299649012994e-01
4.207978310585675508e-01
4.213036823027468403e-01
4.220985923897379588e-01
4.236161392498953293e-01
4.206532844020117734e-01
4.112588617056691098e-01
4.076456365260638370e-01
3.949992932521921851e-01
3.850990193116702875e-01
3.859662096137728149e-01
3.856048774571359528e-01
3.949270337120343033e-01
3.950715596864102785e-01
3.931204142281717329e-01
3.884231994438100410e-01
3.746206208059175702e-01
3.614684331530208516e-01
3.654430042846092408e-01
3.757046034949345636e-01
3.673941635092882740e-01
3.582165263347059092e-01
3.397890131058837193e-01
3.412343004258829859e-01
3.353808640511674044e-01
3.309004347668867974e-01
3.325625213967663973e-01
3.454256640021977631e-01
3.518572318362040430e-01
3.578552079661889707e-01
3.587946509288424402e-01
3.452811380061424074e-01
3.465818993445393126e-01
3.493279617910552970e-01
3.566267061534972305e-01
3.697066273577231388e-01
3.767885793187974453e-01
3.773666970116476560e-01
3.764995342568790981e-01
3.780170880110962917e-01
3.775112367669170022e-01
3.710074024986928509e-01
3.660211288570663912e-01
3.566989794745486497e-01
3.446307469922408329e-01
3.411620339916651146e-01
3.301055177930621864e-01
3.286602235862294830e-01
3.180373059929343382e-01
3.166642713334860137e-01
3.114612156243555807e-01
3.148576656305168142e-01
3.229513269884626836e-01
3.215060396684634170e-01
3.241075761333769845e-01
3.210724548585019988e-01
3.290215695671184770e-01
3.320566839551600813e-01
3.346582135332402674e-01
3.252637908368975483e-01
3.300332720554771115e-01
3.228067872259667848e-01
3.283711854328239532e-01
3.332851857389459438e-01
3.271426836345850409e-01
3.200607385675706129e-01
3.147131396561408390e-01
3.211447109516299969e-01
3.113166930897831031e-01
3.081370389464723192e-01
2.967914673376345625e-01
2.866743975487151541e-01
2.877583733725780912e-01
2.933950242255332630e-01
2.910102870560469790e-01
2.780026184979191295e-01
2.728718257832032368e-01
2.808932138200976314e-01
2.899985776664019688e-01
2.859517573357455156e-01
2.750397774381556082e-01
2.737390023044122822e-01
2.785084766433848502e-01
2.736667358846472942e-01
2.610204029374126877e-01
2.514091878469290608e-01
2.511201324439206739e-01
2.516259836953264051e-01
2.600809634362421519e-01
2.601532264234300840e-01
2.948403253191994589e-01
2.944789965879132110e-01
2.908657610672180649e-01
2.863853386769973919e-01
2.965746714675577267e-01
2.972973151347838572e-01
2.941176713253363939e-01
2.815435944784563382e-01
2.871079788971935831e-01
2.534325962779025443e-01
2.534326031647360367e-01
2.388351178724294754e-01
2.397745642893394091e-01
2.538661948904367693e-01
