3.138820871443035454e-01
3.237101073126013584e-01
3.187961069847998208e-01
3.241196171269780102e-01
3.241196171065030551e-01
3.276003721810381020e-01
3.237101072921261813e-01
3.300573528117690114e-01
3.462326184997095435e-01
3.497133735742446459e-01
3.493038833135128640e-01
3.460278830949785056e-01
3.558559032632762631e-01
3.605651486941270356e-01
3.628173939406018622e-01
3.832924147372360757e-01
3.810401694702862385e-01
3.763309240599106431e-01
3.757166789022279296e-01
3.669124137059895374e-01
3.837019049979679131e-01
4.029484355201868317e-01
4.123669263614129221e-01
3.988534157138489689e-01
4.000819060496894619e-01
3.988534157343240349e-01
3.941441508112535907e-01
4.027436610900660408e-01
3.947584154816312085e-01
3.998771511732135964e-01
4.072481711366606749e-01
4.090909261224036086e-01
4.103194359709389505e-01
4.121621714439871464e-01
4.301801725845007529e-01
4.504504580583040263e-01
4.570024779875925258e-01
4.570024779875925813e-01
4.490171932923429643e-01
4.404176829930555592e-01
4.426699477727002452e-01
3.896396797695736436e-01
3.847256599495523233e-01
3.978296607827395692e-01
3.998771706859085007e-01
3.617936390094924626e-01
3.654791294682835368e-01
3.763309045472156833e-01
3.986486803705430737e-01
4.070434357933547243e-01
4.109336811490967301e-01
3.955773960235698383e-01
3.939393959143028812e-01
4.066339455121477653e-01
4.092957005525243441e-01
4.068386808554536604e-01
4.107289262316707323e-01
4.002866804593351868e-01
3.841114148123446204e-01
3.585176192782631444e-01
3.605651291609570652e-01
3.540131092316685657e-01
3.540131092316686767e-01
3.634316390982845757e-01
3.441851281092355719e-01
3.316953724337309839e-01
3.327191078521454792e-01
3.343571079614126584e-01
3.583128838940072280e-01
3.527846188753531731e-01
3.402948631998485296e-01
3.425471279999682817e-01
3.335381079067791243e-01
3.478706185680266461e-01
3.447993732669181743e-01
3.286240880867577485e-01
3.345618433251937307e-01
3.273955977918674431e-01
3.333333530098283037e-01
3.357903531737290170e-01
3.447993537337483705e-01
3.513513736835118251e-01
3.583128838940072836e-01
3.671171295775506604e-01
3.765356399519468322e-01
3.753071496161062837e-01
3.904586603115124954e-01
4.060196808212952480e-01
4.162571912503248428e-01
4.152334362987404326e-01
4.156429460721670632e-01
4.150287009144843497e-01
4.154381911752162426e-01
4.170761912844834218e-01
4.150286814017895565e-01
4.158476814359481355e-01
3.976249058857887486e-01
3.896396602773537499e-01
3.783783949376898215e-01
3.802211499439078213e-01
3.828829049842845111e-01
3.867731503400264614e-01
3.916871506473528775e-01
3.918919055238287430e-01
3.851351502307592267e-01
3.851351502307592267e-01
3.636363744620655924e-01
3.660933746054912397e-01
3.638411293385413470e-01
3.640459037686620825e-01
3.511466187660860494e-01
3.509418834023050326e-01
3.484848637257094150e-01
3.302621076882448214e-01
3.173628422393136028e-01
3.155200872535706136e-01
3.429566183016503067e-01
3.540131287443634700e-01
3.527846384289980430e-01
3.529893933259488636e-01
3.456183733010768644e-01
3.458231282185026956e-01
3.581081289765813414e-01
3.562653935444832221e-01
3.728501494317306153e-01
3.826781696000284838e-01
3.855446795578308383e-01
3.716216591163651883e-01
3.816544146279689520e-01
3.853399246404050071e-01
3.634316390982845202e-01
3.626126390436509861e-01
3.597461486190183799e-01
3.493038832930377979e-01
3.384521082141055959e-01
3.265765976962837769e-01
3.226863328278470333e-01
3.204340680277272813e-01
3.128583322131940903e-01
2.964783312024225070e-01
3.183865972113731346e-01
3.251433525044425399e-01
3.245291268799297413e-01
3.204341266477118144e-01
3.202293717098108616e-01
3.310811077838284877e-01
3.308763724200474710e-01
3.308763724200474710e-01
3.282146173796708921e-01
3.314905980650353912e-01
3.216625974094323159e-01
3.366093727615325215e-01
3.413186181514331063e-01
3.282146173591958260e-01
3.226863718737116304e-01
3.116298418978286078e-01
3.142916066843150502e-01
3.106060966923540057e-01
3.022113413104924873e-01
2.989353215587883805e-01
2.880835562259659866e-01
2.915643210875610847e-01
2.915643210875610847e-01
2.970925568064604061e-01
2.786650556591049321e-01
2.708845551605609803e-01
2.819410460905792948e-01
2.858313207460760896e-01
2.858313207460761451e-01
2.735463004548276400e-01
2.817363009397382823e-01
2.788698007689958125e-01
2.563472798357775972e-01
2.569615347600452959e-01
2.467240243514906284e-01
2.418100142775792272e-01
2.491810245153913694e-01
2.647420450251742330e-01
2.692465550512937456e-01
3.005733509473352272e-01
2.921785857579386469e-01
2.827600656374326671e-01
2.874693110478083180e-01
3.046683219002733201e-01
2.927928016568166480e-01
2.954545664433030905e-01
2.923833113756098001e-01
2.817363009602134039e-01
2.319820038758663994e-01
2.432432790230654174e-01
2.371007688672036595e-01
2.399672690379461848e-01
2.528665344868774034e-01
