3.135749596770509573e-01
3.180282907864677711e-01
3.152641729270180826e-01
3.234029896324086550e-01
3.258599897809531520e-01
3.277027545230435379e-01
3.260135412884325734e-01
3.324631740128981550e-01
3.432125570241900681e-01
3.502764397742745839e-01
3.507371382924140413e-01
3.475123219148250064e-01
3.535012707863848247e-01
3.610258374354439193e-01
3.591830726626409898e-01
3.774570369268006598e-01
3.855958536014786331e-01
3.714681027051182083e-01
3.740786690417320925e-01
3.705467203494292594e-01
3.860565374850969400e-01
4.027948693525923440e-01
4.090909212698237152e-01
3.937346556416354559e-01
4.004914060770062290e-01
3.989557882995070082e-01
3.948095895662289689e-01
3.994164721677690433e-01
4.006449722497193999e-01
4.020270238698617771e-01
4.034091047436901833e-01
4.092444874118242870e-01
4.121621860938644577e-01
4.135442376986506186e-01
4.255221207765365610e-01
4.451781366761948799e-01
4.500921516231611852e-01
4.563882181749137068e-01
4.513206370398779588e-01
4.338145036239278163e-01
4.507063869989028082e-01
4.058661195113995590e-01
3.908169716094727630e-01
4.015663546207646206e-01
3.988022367766712595e-01
3.731572720361656659e-01
3.636363744723031255e-01
3.802211548016065090e-01
3.918919201685873710e-01
4.046376194755179623e-01
4.087838035742748510e-01
3.966523396891545872e-01
3.963452073437282452e-01
4.070946342585835542e-01
4.089373843661527896e-01
4.092445020617017093e-01
4.113943698801761917e-01
4.014128030979288719e-01
3.745393382908292490e-01
3.627150067357789442e-01
3.674754408755110946e-01
3.591830580281198948e-01
3.554975431631039462e-01
3.644042053205125420e-01
3.429054392979286603e-01
3.363022404007498523e-01
3.363022404007499078e-01
3.341523579477543304e-01
3.472051895847549918e-01
3.558046901123387840e-01
3.442874908873585493e-01
3.424447407797892584e-01
3.382985420465112192e-01
3.436732408617395595e-01
3.445946085982636298e-01
3.316953431493324667e-01
3.363022257662288128e-01
3.281634237567844226e-01
3.307739754128083409e-01
3.370700419645608070e-01
3.399877259967235554e-01
3.507371236425366190e-01
3.574938887277848698e-01
3.654791245798723054e-01
3.757678237229021834e-01
3.730037058788088222e-01
3.934275379460866473e-01
4.081695535179433731e-01
4.117015022409588054e-01
4.161548186851418696e-01
4.161548186697855423e-01
4.161548186697855423e-01
4.175368849090927981e-01
4.141584877396258246e-01
4.176904364472849296e-01
4.107801052046798906e-01
4.046376048102843237e-01
3.851351551140517193e-01
3.826781549655072223e-01
3.768427722820167913e-01
3.852887212867648348e-01
3.883599714762845379e-01
3.937346556569918388e-01
3.938882218143486824e-01
3.839066550321014182e-01
3.829852726610561975e-01
3.627150067204227279e-01
3.687039409421051794e-01
3.725430219798342435e-01
3.636364037413453154e-01
3.553440062440767488e-01
3.473587557267555637e-01
3.476658587877833329e-01
3.323096224747061900e-01
3.201781585742295988e-01
3.198710262595158005e-01
3.470516234427543090e-01
3.508906898152498455e-01
3.535012561518636742e-01
3.545762047109782822e-01
3.465909395284235139e-01
3.453624394618294291e-01
3.461302410256403284e-01
3.599508888763293113e-01
3.711609557251707714e-01
3.872850522015684471e-01
3.843673535502408201e-01
3.716216542433102288e-01
3.825246034119589855e-01
3.805282871316765236e-01
3.645577714932256574e-01
3.631757052385621298e-01
3.596437711654241753e-01
3.464373733557103430e-01
3.382985420465112192e-01
3.289312252898828337e-01
3.207923939806837099e-01
3.215601955444946647e-01
3.068182092723926724e-01
2.997543265069518847e-01
3.149570405969480680e-01
3.237101072972450311e-01
3.221744895197457548e-01
3.221745042003356652e-01
3.221745041696231215e-01
3.324631740282544823e-01
3.309275562661114778e-01
3.341523726283442963e-01
3.290848061585421869e-01
3.326167255664465028e-01
3.264742251566946085e-01
3.295454899960916784e-01
3.361486742280367923e-01
3.266278059639288744e-01
3.234029896016960559e-01
3.106572756756006415e-01
3.167997980140997427e-01
3.089680990349705780e-01
3.028255913463488991e-01
2.962223777839365635e-01
2.859336786562629018e-01
2.948403188542116915e-01
2.929975687466424006e-01
2.971437455358168500e-01
2.713452365820580026e-01
2.739558029033156150e-01
2.811732372069484232e-01
2.879300022768402911e-01
2.839373770258578622e-01
2.734951117254711406e-01
2.831695534718745577e-01
2.834766784923621885e-01
2.619779125158471778e-01
2.561425371572954024e-01
2.524570296018618931e-01
2.438575217339831458e-01
2.487715220464283838e-01
2.555282797913815962e-01
2.650491700303055365e-01
3.002150250097350148e-01
2.911548332582379883e-01
2.879300095710664587e-01
2.908476935878729908e-01
3.055897018501473328e-01
2.976044440385999801e-01
2.928440025739292851e-01
2.920761863602409636e-01
2.819410460803417617e-01
2.406326980314553721e-01
2.457002791664911201e-01
2.326474475294904865e-01
2.390970802693123676e-01
2.556818532736770955e-01
