3.216625876428474973e-01
3.170557294475322974e-01
3.155201067867404729e-01
3.252457397297404684e-01
3.264742300451058954e-01
3.262694849147399490e-01
3.259623623358985367e-01
3.346642305607291923e-01
3.408067407165908946e-01
3.510442511046704683e-01
3.504300059469877549e-01
3.505323833852256876e-01
3.558558934966913334e-01
3.571867710168796783e-01
3.607698937937803829e-01
3.775594046189286179e-01
3.807330371350974296e-01
3.667076588090387168e-01
3.681409040111174313e-01
3.717240365750780762e-01
3.831900275426506908e-01
4.004914256204135659e-01
4.081695486500072079e-01
3.947584057150461678e-01
3.981367833615809260e-01
3.999795383677989258e-01
3.976249059062637037e-01
3.983415382585318021e-01
4.018222835971945184e-01
4.004914060770061734e-01
4.072481711366606194e-01
4.099099359436220724e-01
4.116503135013647174e-01
4.112408037177004982e-01
4.254709369304725541e-01
4.415438251597001984e-01
4.438984576314730091e-01
4.493243354043541804e-01
4.442055704334919031e-01
4.369369474209776616e-01
4.420557026150175317e-01
4.065315485202651291e-01
3.925061702044437273e-01
4.054054259072650268e-01
4.005938030484140211e-01
3.747952721300766288e-01
3.641482519378578253e-01
3.764332722393437525e-01
3.951679155089479756e-01
4.090909359094636044e-01
4.105241811320174405e-01
4.012080384497493935e-01
4.006961609739571606e-01
4.096028133750183042e-01
4.099099359436220724e-01
4.097051810466713628e-01
4.089885584405131280e-01
4.021294256989682570e-01
3.799140273445913984e-01
3.634316293521746566e-01
3.691646297038971292e-01
3.564701191416793091e-01
3.560606191041250645e-01
3.679361393782942802e-01
3.446970055747902162e-01
3.401924857718481299e-01
3.443898732396014073e-01
3.382473630837396494e-01
3.482801283619283983e-01
3.581081289765813414e-01
3.501228638145015282e-01
3.435708634081454105e-01
3.385544856625810617e-01
3.420352407575911191e-01
3.416257309739269554e-01
3.340499756159864275e-01
3.375307209648867324e-01
3.264742300348683623e-01
3.338452304958580696e-01
3.360974855191552479e-01
3.425471084770359553e-01
3.507371285258291116e-01
3.556511288433930607e-01
3.607698840374329308e-01
3.720311396412245841e-01
3.708026395592742275e-01
3.884111601851660267e-01
4.119574263238586220e-01
4.085790486773240304e-01
4.161548138018493770e-01
4.176904462189884870e-01
4.173833236299096527e-01
4.160524460994838858e-01
4.185094267199773732e-01
4.201474268292444969e-01
4.103194262248290314e-01
4.072481809032456046e-01
3.932227830542545099e-01
3.854422825659480356e-01
3.804259048203836868e-01
3.858517826035023912e-01
3.941441605573635099e-01
3.958845381048686218e-01
3.914824055067494535e-01
3.866707728915510511e-01
3.803235176155608244e-01
3.622031292497492339e-01
3.702907620834820501e-01
3.757166496229480956e-01
3.630221488170776722e-01
3.541154964057789400e-01
3.422399956443045177e-01
3.413186181616705839e-01
3.351761177723937557e-01
3.250409652791446113e-01
3.282145978260259112e-01
3.421376182367790730e-01
3.502252510602744118e-01
3.562653935240081005e-01
3.587223936879088693e-01
3.450041183972842318e-01
3.449017409385712329e-01
3.476658734478982882e-01
3.563677612058986921e-01
3.672195167618985678e-01
3.808354145938103730e-01
3.799140371009388506e-01
3.752047819035033149e-01
3.807330371453349627e-01
3.829852921686321410e-01
3.669123942035322217e-01
3.641482714607901516e-01
3.597461486190183799e-01
3.429566182709377631e-01
3.415233535254516006e-01
3.297502204663427250e-01
3.260647104743816804e-01
3.162367098597287929e-01
3.126535870828281438e-01
3.099918417987989616e-01
3.129607194282544302e-01
3.231982298265715925e-01
3.214578620456514102e-01
3.255528720751667549e-01
3.214578718122362844e-01
3.300573723654138814e-01
3.328214951081560069e-01
3.342547403102347769e-01
3.236077298743633701e-01
3.328214853210960666e-01
3.225839749125413713e-01
3.241196073296805369e-01
3.347666177553145217e-01
3.260647397741364695e-01
3.182842295294825985e-01
3.171580971294227225e-01
3.212531120319929712e-01
3.118346016678343879e-01
3.085585868198977288e-01
2.984234489662886403e-01
2.877764336573622184e-01
2.889025611741296018e-01
2.929975711934074134e-01
2.944308164057236610e-01
2.750819230951443428e-01
2.773341732351491395e-01
2.833743010592430500e-01
2.868550610477830776e-01
2.852170658218084465e-01
2.776413055703379484e-01
2.780508007143622229e-01
2.815315460427874616e-01
2.731367955339808473e-01
2.575757848010204465e-01
2.492834019536292745e-01
2.447788967800896831e-01
2.482596470122823973e-01
2.638206675118277000e-01
2.591114123348671194e-01
2.934070760937791400e-01
2.938165712275659369e-01
2.910524436015313743e-01
2.919738162213478816e-01
3.016994491643478771e-01
2.967854391006738979e-01
2.912571887523723313e-01
2.847051785794312839e-01
2.862407963466930272e-01
2.508190197106535679e-01
2.541974120173031704e-01
2.364865139326984833e-01
2.410933965444760629e-01
2.583947848454165030e-01
