3.195331894541171835e-01
3.194103599680355177e-01
3.170762127423052412e-01
3.266585192168990903e-01
3.254300132749977648e-01
3.264128133405580501e-01
3.264128133405579946e-01
3.334152549931787002e-01
3.418919201716585365e-01
3.508599736507316824e-01
3.492629323341226444e-01
3.490172381776835420e-01
3.557739973937669720e-01
3.599509035200642026e-01
3.556511327356945973e-01
3.787469576178853492e-01
3.788698105560558416e-01
3.735872631459297155e-01
3.670762098061873258e-01
3.708845571302579747e-01
3.837837991639553303e-01
4.012285295659802631e-01
4.061425298692117880e-01
3.949631586504900871e-01
3.971744529380497601e-01
3.998771589660065073e-01
3.959459587283353788e-01
3.993857589332264202e-01
4.028255591504024125e-01
4.022113061917367283e-01
4.070024652644145813e-01
4.105651301273779974e-01
4.131449832294492586e-01
4.130221302912787662e-01
4.228501309100266559e-01
4.415233438141491495e-01
4.455774087098928193e-01
4.515970620045701156e-01
4.485257971743867311e-01
4.348894375239512611e-01
4.474201558782729404e-01
4.057739710301302982e-01
3.933661173215960427e-01
4.068796240461460267e-01
3.992629294348597480e-01
3.746929044420435617e-01
3.606879742817646894e-01
3.792383459553335667e-01
3.944717703376118823e-01
4.121621831761740351e-01
4.084766770949420089e-01
3.980344117853415464e-01
3.979115588471709986e-01
4.108108477236210310e-01
4.094594888435491020e-01
4.088452358725985225e-01
4.097051829999882600e-01
4.028255708703043503e-01
3.765356516472787018e-01
3.610565213886592906e-01
3.665847746628414505e-01
3.582309624225320510e-01
3.554054151640216874e-01
3.653562921484589388e-01
3.405405729869185882e-01
3.409091200938131894e-01
3.444717732491597850e-01
3.352580138691755862e-01
3.488943852395130496e-01
3.573710269781891213e-01
3.481572675982049225e-01
3.428747084804619205e-01
3.369779081239551721e-01
3.417690672089179760e-01
3.422604555217961808e-01
3.341523491578278771e-01
3.368550434781677483e-01
3.250614544604861766e-01
3.314496548497730677e-01
3.315725077879435601e-01
3.415233613448619421e-01
3.500000265233418895e-01
3.549140268388584207e-01
3.614250801786008105e-01
3.739557868375905092e-01
3.726044396774205736e-01
3.942260644612708420e-01
4.101965830450534090e-01
4.100737301191680340e-01
4.170761952115923377e-01
4.175675952320874740e-01
4.169533422488518326e-01
4.167076480924126747e-01
4.184275306272904338e-01
4.184275306272904338e-01
4.141277832950095994e-01
4.051597180714646140e-01
3.893120524381374348e-01
3.850123051058566559e-01
3.808353989918444871e-01
3.839066638220277605e-01
3.964373587488305706e-01
3.965602116870011740e-01
3.933661056262641731e-01
3.882063994466917189e-01
3.830466932794042156e-01
3.593366271093097475e-01
3.674447334855631131e-01
3.745700515038731249e-01
3.657248509384004587e-01
3.561425210485728021e-01
3.436118260971999794e-01
3.458231203970447143e-01
3.346437726181268890e-01
3.222358954697888134e-01
3.266584957770951592e-01
3.476658676145647497e-01
3.484029734991159755e-01
3.547911856205897552e-01
3.587223976027328343e-01
3.457002674588742219e-01
3.455774145207036741e-01
3.471744675572146499e-01
3.554054385915404457e-01
3.671990393168390043e-01
3.837838225914741996e-01
3.792383576752355046e-01
3.757985574334894441e-01
3.843980638425229523e-01
3.798526106216160714e-01
3.690417982419759713e-01
3.611793860221617636e-01
3.558968386120356375e-01
3.445946144674284506e-01
3.383292552841251633e-01
3.326781490717724554e-01
3.240786309551220712e-01
3.186732306191104591e-01
3.137592420357809275e-01
3.050368827008619332e-01
3.128992949083911346e-01
3.245700544277060340e-01
3.232187189874380362e-01
3.253071720690141611e-01
3.200246246466029731e-01
3.315725195324155106e-01
3.309582665737499374e-01
3.329238666925854462e-01
3.270270663237937470e-01
3.309582548415629377e-01
3.237100955926993651e-01
3.248157603040470187e-01
3.356265609760702984e-01
3.275184663320037659e-01
3.152334538417382315e-01
3.136363890976103797e-01
3.189189657829212265e-01
3.088452475679303033e-01
3.063882415686486893e-01
2.966830704359825210e-01
2.861179580604474859e-01
2.923833113837998043e-01
2.929975702147014083e-01
2.958231116132608030e-01
2.710073924640055698e-01
2.754299986066928163e-01
2.815724989918746979e-01
2.869779110477881368e-01
2.848894638507329935e-01
2.771499045690893337e-01
2.800982988812491525e-01
2.782555458406331672e-01
2.694103394520646066e-01
2.561425327561896448e-01
2.492629264741716977e-01
2.444717732245898500e-01
2.477887205158803563e-01
2.593366329569756767e-01
2.628992919722731303e-01
2.976658822214446887e-01
2.948403290906983498e-01
2.873464698377296567e-01
2.927518643137902998e-01
3.019656236937745541e-01
2.991400705998831233e-01
2.927518584784093991e-01
2.910319583636788998e-01
2.851351462749852073e-01
2.491400676514802515e-01
2.514742383170142648e-01
2.345209138077203881e-01
2.420147730729740876e-01
2.567567857148553290e-01
