3.213089280844109719e-01
3.188519439133628564e-01
3.158365372960850181e-01
3.251061367808664726e-01
3.262229497099568554e-01
3.262229497099567999e-01
3.272280888042575220e-01
3.335939448520944817e-01
3.413000041052580147e-01
3.515747426620036697e-01
3.503462452436674202e-01
3.490060633360851927e-01
3.549252133903073037e-01
3.587224007778501700e-01
3.591691174147531584e-01
3.775966318950699230e-01
3.813938192714446118e-01
3.706723640442914913e-01
3.650882674578070919e-01
3.696672249723271242e-01
3.831807178382661272e-01
4.011615156816799033e-01
4.051820613820902861e-01
3.954657239403251978e-01
3.975876759525480697e-01
4.002680504110006643e-01
3.959124512540208030e-01
3.979227294202858922e-01
4.036184998415598968e-01
4.003797242569584469e-01
4.070806444046530803e-01
4.108778424354840308e-01
4.127764361348396083e-01
4.114362435839693521e-01
4.266249824573483118e-01
4.398034431756304152e-01
4.433772722279696321e-01
4.492964116165673039e-01
4.452758552617006038e-01
4.335492609514149387e-01
4.482912725222665262e-01
4.057404624859028419e-01
3.899933224752066829e-01
4.074156978723909028e-01
3.999330182521754762e-01
3.742461718212226063e-01
3.627429251916843844e-01
3.782667175328011111e-01
3.974760127722147818e-01
4.100960723420116749e-01
4.073040134054813910e-01
4.007147777246963249e-01
4.018315906426184747e-01
4.108778530899404036e-01
4.093143022038663315e-01
4.100960723196752644e-01
4.095376605279019144e-01
4.025016975669258312e-01
3.774849474281603556e-01
3.611793743279466673e-01
3.678802838323532165e-01
3.605092780469274505e-01
3.514630475294697742e-01
3.667634815465509734e-01
3.430869239251511105e-01
3.411883195936756263e-01
3.442037368654097262e-01
3.376145011846246047e-01
3.484476515443118427e-01
3.560420156537731917e-01
3.478892290869140536e-01
3.433102715947304318e-01
3.378378595086601877e-01
3.419700896983163263e-01
3.401831698449186425e-01
3.350458005609617262e-01
3.381728916786536088e-01
3.278981744196522441e-01
3.316953511415707267e-01
3.338173138082499158e-01
3.417467207309927146e-01
3.505696035677028921e-01
3.547018337685273748e-01
3.601742458657657964e-01
3.724592519789931000e-01
3.725709364570707893e-01
3.917802316853163935e-01
4.093142915717464247e-01
4.097610188742739634e-01
4.156801689284959078e-01
4.178021315951750969e-01
4.171320353029877026e-01
4.165736341656706698e-01
4.197007039632818515e-01
4.172436984833211571e-01
4.116596125624611968e-01
4.060755159648087309e-01
3.916685472072385932e-01
3.835157713060039497e-01
3.815054931397388049e-01
3.854143650053595271e-01
3.971409593044770703e-01
3.956890929188171535e-01
3.940138575546653366e-01
3.882064026441454652e-01
3.818405253097322816e-01
3.615144277621798463e-01
3.685503800910360783e-01
3.750279419258633617e-01
3.654233102822567747e-01
3.543667802896214303e-01
3.423051431548859713e-01
3.408532767803942320e-01
3.341523672648195054e-01
3.242126608445625724e-01
3.282332065784773767e-01
3.425285015235942643e-01
3.500111917870978306e-01
3.574938927162257252e-01
3.572705344033584307e-01
3.475541862959689587e-01
3.455439081073674590e-01
3.471074589934415311e-01
3.541434326312102865e-01
3.695555298286249402e-01
3.808354181452957565e-01
3.786017710005388781e-01
3.755863643609247404e-01
3.813938192826128448e-01
3.807237336560497787e-01
3.659817114419102180e-01
3.618494812299176133e-01
3.589457591018858085e-01
3.447621380027267590e-01
3.412999934284653980e-01
3.306902120472700046e-01
3.255528321088567711e-01
3.167299705922272945e-01
3.134912056509140399e-01
3.098057027637852179e-01
3.144963447452147620e-01
3.232075324270545780e-01
3.237659548732841897e-01
3.241010083521901897e-01
3.206388744212167463e-01
3.306902333785189385e-01
3.310252762029686213e-01
3.341523672983240933e-01
3.285682707118397494e-01
3.315836773179492991e-01
3.211972542607894332e-01
3.227608157789834120e-01
3.377261856850388155e-01
3.275631422608270560e-01
3.163949490878583681e-01
3.134912056509139844e-01
3.199687728129693709e-01
3.104758043496961828e-01
3.074603817619022683e-01
2.958454559480098722e-01
2.862408083338870979e-01
2.903730385347114695e-01
2.903730438619396281e-01
2.946169478975536049e-01
2.730623369834850878e-01
2.763011179064828182e-01
2.818852091657390591e-01
2.852356745779826008e-01
2.867992254528885510e-01
2.776413051301249713e-01
2.785347543967834349e-01
2.811034337115337900e-01
2.701586095393933018e-01
2.574268761459749810e-01
2.494974585687758928e-01
2.451418647055196576e-01
2.463703621350241402e-01
2.612240581951216223e-01
2.615591063356312307e-01
2.948403275193335893e-01
2.924950065062824067e-01
2.893679100725305986e-01
2.905964021636387451e-01
3.023230071283808384e-01
2.979674079714008661e-01
2.927183595254261861e-01
2.864641666579226253e-01
2.859057495389211723e-01
2.488273569381921624e-01
2.545231540067750542e-01
2.360956288720020002e-01
2.401161799108086359e-01
2.572035124835431175e-01
