3.656387665892269490e-01
3.600220237857200134e-01
3.749999993435610968e-01
3.997797358852454019e-01
4.276431752850040624e-01
4.247797365416842164e-01
4.133259920714266178e-01
4.124449356124084143e-01
3.910792954751748929e-01
3.851321538737807471e-01
3.861233450159316516e-01
3.729074876276375905e-01
4.006607975957742762e-01
4.128854638419174883e-01
4.139867896672009273e-01
4.294052934545510847e-01
4.254405341374586369e-01
4.254405341374586369e-01
4.219163083013859894e-01
4.292951587714185502e-01
4.493392142201247941e-01
4.812775423685977105e-01
5.302863525393246569e-01
5.545154366713886951e-01
6.442731553353024943e-01
6.393172101275699237e-01
6.853524468718443785e-01
6.740088265816978064e-01
6.250000216624818083e-01
5.508810814036941839e-01
5.432819510643748240e-01
5.512114644470490488e-01
5.477973680425982650e-01
5.588105842833469561e-01
5.702643287536045547e-01
5.634361411962138799e-01
5.575991342779522686e-01
5.614537589119121819e-01
5.887665353990290118e-01
5.860132313388419778e-01
5.901982495191782085e-01
5.809471461964659245e-01
5.438326087255058727e-01
5.388766635177733022e-01
5.174008886974070798e-01
5.105726958885055122e-01
5.109030946863926115e-01
5.221365750418958118e-01
5.205947314901246958e-01
5.313876836161187667e-01
5.692731376114538167e-01
5.662995641850013806e-01
5.721365763547735517e-01
5.907489176833305988e-01
6.243392398212396222e-01
6.151982606786385865e-01
6.001101451861541314e-01
6.171806324599187210e-01
6.337004673240629327e-01
6.618943055217088034e-01
6.354625697390778871e-01
6.428414254606211742e-01
6.200440607002170035e-01
6.094713831919988944e-01
6.019823927873231284e-01
5.473568398130892465e-01
5.225771032714050524e-01
5.457599184167303275e-01
5.271475875911946218e-01
5.170154278094643008e-01
4.785793056499769160e-01
4.595815086849878162e-01
4.643171897779657664e-01
4.710352479037346884e-01
4.743392148765636085e-01
4.898678480955356851e-01
4.925110227241009109e-01
4.928414215219881211e-01
5.006608054730404822e-01
5.224669790912938039e-01
5.475771196823759901e-01
5.566079588903336539e-01
5.556167677481828049e-01
5.580396782619935214e-01
5.527533342563738517e-01
4.892070557512719908e-01
4.843612452266721213e-01
5.078194023313399308e-01
5.537445253985247007e-01
5.592511335188989907e-01
5.169603709709195138e-01
5.577092794641063112e-01
5.957048733940847329e-01
5.890969289454054403e-01
5.838105796882750997e-01
5.729075033821697804e-01
5.736784199065446677e-01
5.596916407423651041e-01
5.533039814144833368e-01
5.626652089173067584e-01
5.583700560538378266e-01
5.551762237641415521e-01
5.283039755065337406e-01
5.491189527311256535e-01
5.842511131692947890e-01
6.099119219245294765e-01
6.129956195310930500e-01
6.148678671322620470e-01
6.232379139959561831e-01
6.197136671538405750e-01
6.230176236236479870e-01
6.175110155032735859e-01
5.983480165135854900e-01
5.677863456467167058e-01
5.556167467421400108e-01
5.430616764465987512e-01
5.395374558620369410e-01
5.509912003322946505e-01
5.518722567913126875e-01
5.503304027365202300e-01
5.441630022718823012e-01
5.588105842833468451e-01
5.588105842833468451e-01
5.350220336323026071e-01
5.329295271678898827e-01
5.135462693149579483e-01
5.372246800313588144e-01
5.437224792938839535e-01
5.395374611135476117e-01
5.537445096439924663e-01
5.448238103706780633e-01
5.317180719109845244e-01
5.202643274407268148e-01
5.197136750311066589e-01
5.073788688503200195e-01
5.323788747582696157e-01
5.577092742125956404e-01
5.407489216219636408e-01
5.292951719001952604e-01
5.305066271571007297e-01
5.179515516100487993e-01
5.160793040088798023e-01
5.377753429440005339e-01
5.381057417418877442e-01
5.393171969987931025e-01
5.470264462667128180e-01
5.215859173807648741e-01
5.187224786374450280e-01
5.062775430250365805e-01
5.015418566805479594e-01
5.113436176643910702e-01
4.895374545491592011e-01
4.849119028878031701e-01
4.856828246636887281e-01
4.972467038170790277e-01
5.539647842617684281e-01
5.795154425793382913e-01
5.277533178454028029e-01
5.818282236615269776e-01
6.028634597493626179e-01
6.047356863444887098e-01
5.937224806067615823e-01
5.894273224917819798e-01
5.817180732238622642e-01
5.817180732238622642e-01
5.708149916662463852e-01
5.562775443379143203e-01
5.426211587201111852e-01
5.140418596345226465e-01
5.165198322383888208e-01
4.995594796477569877e-01
4.774229229861487456e-01
4.480176242800867348e-01
4.331497781538676262e-01
4.422907572964687728e-01
4.201541901318389671e-01
3.792951627100515366e-01
3.646475859500976635e-01
3.410242373237524216e-01
3.178964790169717669e-01
1.883810430020219084e-01
1.848568224174599595e-01
1.758259832095022401e-01
1.606277435369066198e-01
1.633810528486045466e-01
1.593612209384349665e-01
1.478414098373767305e-01
1.333039625090447211e-01
1.579735696191070793e-01
1.885462529039869384e-01
2.062775298962598036e-01
2.153083691042175229e-01
2.148678408747084490e-01
