3.667400863550749346e-01
3.561504593939787688e-01
3.664859374732469255e-01
3.986784173312845625e-01
4.258725900643028917e-01
4.187563526995159435e-01
4.182480508962362342e-01
4.157065418798376322e-01
3.926635025600821449e-01
3.938495401010680963e-01
3.867333108155285304e-01
3.739410346276396679e-01
3.957980364064091483e-01
4.129955989290125529e-01
4.151982441161815585e-01
4.244323996018651290e-01
4.277363673826187762e-01
4.224839113757714038e-01
4.220603245198932263e-01
4.223991923887463473e-01
4.443409091149173040e-01
4.836496182584944514e-01
5.355811656159104039e-01
5.587089320019381633e-01
6.159776583928502358e-01
6.401220243458140002e-01
6.861233759190524806e-01
6.812097716225635757e-01
6.431718230466212383e-01
5.473568462764870635e-01
5.498136363058604426e-01
5.503219340695165718e-01
5.486275947252509111e-01
5.541342036535499282e-01
5.703151666092174388e-01
5.709081752806514087e-01
5.526940172307358567e-01
5.604879862936054113e-01
5.827685668490059090e-01
5.956455579842961923e-01
5.930193299808725893e-01
5.825991288749556851e-01
5.429515518625251946e-01
5.371907940523983349e-01
5.208404052415513963e-01
5.158420981165320329e-01
5.209251201889527616e-01
5.216875749136842266e-01
5.095730425427489330e-01
5.314300402818947777e-01
5.607421311358098404e-01
5.689596870545575724e-01
5.689596870545575724e-01
5.917485815321087417e-01
6.164859601961298896e-01
6.219925650848053822e-01
5.972551823811605987e-01
6.148763317596419586e-01
6.369027755520855205e-01
6.583361864353529658e-01
6.314808734919405975e-01
6.430871080992197619e-01
6.222466978081387934e-01
6.079295283292817098e-01
5.992883855546558003e-01
5.352423017866807520e-01
5.349034339178277975e-01
5.374872983881151534e-01
5.247797452268749829e-01
5.227465380137561457e-01
4.797949972601958657e-01
4.539139405487012668e-01
4.661131919066616169e-01
4.711114949920572892e-01
4.732294211922012939e-01
4.914435832817404259e-01
4.955947207346269034e-01
4.939851003773863547e-01
4.978820849088211320e-01
5.233819223371972695e-01
5.354964668270034700e-01
5.601491305436231416e-01
5.519315746248752985e-01
5.517621406904488213e-01
5.532023311528864173e-01
4.792443359634036004e-01
4.872924539081012751e-01
5.059302068931421648e-01
5.534564840743383396e-01
5.541342198120445817e-01
5.163504079990590689e-01
5.454930770374184501e-01
5.964080288675221997e-01
5.890376305020362802e-01
5.766689330907783795e-01
5.702304395429449446e-01
5.659945871426571573e-01
5.637919459951117318e-01
5.616740238345914182e-01
5.643002477983914966e-01
5.578617542505581728e-01
5.541342036535499282e-01
5.183836111725542706e-01
5.570145845784252314e-01
5.852253609180029237e-01
6.016604767951222454e-01
6.103863385567733779e-01
6.103863385567733779e-01
6.207218125964177879e-01
6.169095308935136357e-01
6.158082082999289941e-01
6.177566965260227194e-01
5.898424285617857032e-01
5.752710980822296483e-01
5.549813692860591230e-01
5.483734418037992109e-01
5.447306061541924427e-01
5.495594833844088534e-01
5.483734418037990999e-01
5.472721192102146803e-01
5.503219381091402074e-01
5.537953317450731161e-01
5.525245752170619973e-01
5.434598536658049595e-01
5.315147511896726185e-01
5.190613469102605126e-01
5.349881529048527984e-01
5.501525041747137301e-01
5.455777839055725442e-01
5.518468475586030264e-01
5.442223205094073313e-01
5.244832368515345289e-01
5.222805957039891034e-01
5.188072020680561947e-01
5.165198378938620216e-01
5.294815480161774168e-01
5.582006342382821451e-01
5.427821260073459886e-01
5.281260725011411861e-01
5.374449550530973063e-01
5.232124803235234101e-01
5.187224790414073361e-01
5.293544695356398044e-01
5.426974070203208766e-01
5.419349563352132693e-01
5.482887308960214812e-01
5.298204118454069578e-01
5.166045488016398624e-01
5.007624658336963241e-01
4.982209487380505619e-01
5.075398232107591889e-01
4.949169849969206059e-01
4.813622581239239140e-01
4.890715041601448321e-01
5.027956690071916368e-01
5.622670486645199306e-01
5.772619659999540520e-01
5.413419315052846459e-01
5.892917915027351405e-01
6.027617993887066650e-01
6.025923533354091699e-01
5.960691448401743697e-01
5.815825252683962665e-01
5.814978103209947902e-01
5.831074387574827211e-01
5.702304476221924379e-01
5.550660882730842349e-01
5.386309885544595666e-01
5.096153939570141622e-01
5.069468064600779478e-01
4.957641587086770163e-01
4.735682971403016861e-01
4.466282692494877860e-01
4.302778723593937427e-01
4.410369453737874035e-01
4.167231454863971063e-01
3.835140701010473219e-01
3.555998021368101947e-01
3.481447049824175077e-01
3.183243002063518290e-01
2.203066661301777140e-01
1.990850527144728543e-01
1.925618401796143631e-01
1.690528545104680869e-01
1.571077520343357736e-01
1.640969109185849983e-01
1.449847485726226959e-01
1.320230424899309363e-01
1.542189101177416921e-01
1.919688214091214151e-01
2.106065723743505980e-01
2.154354415253196819e-01
2.101829895580960283e-01
