3.646947752753457728e-01
3.587948417545952506e-01
3.661894265010054439e-01
3.977344262482390147e-01
4.263687911749622361e-01
4.196821888482796248e-01
4.170862170488472964e-01
4.147262443907628326e-01
3.956104452293443541e-01
3.920704843666781847e-01
3.873505352994303652e-01
3.735840149984946401e-01
3.976557586174299108e-01
4.144902490004939710e-01
4.169288930404664306e-01
4.255034659914583295e-01
4.277847785208919729e-01
4.198395278609767800e-01
4.211768475760975794e-01
4.236154878649909250e-01
4.430459500474873691e-01
4.956733872112576433e-01
5.320169999054690235e-01
5.638766739270176798e-01
6.163467833313281963e-01
6.381372256740673876e-01
6.795154467055253278e-01
6.817180728487542973e-01
6.426998244753807654e-01
5.469635159131446267e-01
5.475928382042213327e-01
5.451541941642489286e-01
5.486154911471851081e-01
5.538074384971288788e-01
5.712712586734278730e-01
5.767778577912123783e-01
5.523127910225483772e-01
5.594713803786895978e-01
5.859031004067883908e-01
5.927470229907726429e-01
5.954216661720931336e-01
5.814191429787303189e-01
5.360289590508310331e-01
5.380742724389167009e-01
5.227344370325913703e-01
5.117212200416269008e-01
5.229704324228601209e-01
5.277690491209170442e-01
5.078665999089618799e-01
5.276903889922662794e-01
5.607300287119222348e-01
5.683606163507594067e-01
5.744965490128579599e-01
5.945563484907474550e-01
6.164254472110581862e-01
6.199654080737244666e-01
5.973883119293698085e-01
6.136721401500077056e-01
6.353839186130169070e-01
6.549717085549732198e-01
6.364065678049015684e-01
6.457677983085882145e-01
6.222467018477624290e-01
6.084801890489848208e-01
5.989616232836801890e-01
5.340623132935544692e-01
5.357142960297532897e-01
5.370122781783902566e-01
5.250550758752711156e-01
5.189978070929025522e-01
4.813168784346496532e-01
4.546098292008776687e-01
4.642070588459122349e-01
4.735682893495988810e-01
4.734896217187899436e-01
4.920547549667034226e-01
4.953587241901798444e-01
4.933920821839823945e-01
4.969320430466485639e-01
5.176998286953446993e-01
5.388609412448487346e-01
5.614380373892033926e-01
5.538074497503661098e-01
5.484581746409624703e-01
5.529421283179414282e-01
4.798615610243945340e-01
4.789962358408907939e-01
5.040119722741388530e-01
5.554594324865649302e-01
5.515261447230909164e-01
5.162838451004940765e-01
5.447608785166783152e-01
5.999842949820392013e-01
5.932976889042775870e-01
5.767778540401332643e-01
5.691472701523750954e-01
5.660793075724049883e-01
5.627753421000077916e-01
5.612020269946181861e-01
5.632473366316246288e-01
5.541221015182068443e-01
5.545940960498237926e-01
5.149465178832152157e-01
5.578980615222209893e-01
5.881844091851428091e-01
6.047829079290171217e-01
6.136721476521660446e-01
6.128854938505502448e-01
6.164254472110581862e-01
6.135934650170405957e-01
6.191000716369831069e-01
6.138294604073094574e-01
5.879090687262321646e-01
5.756371996509560551e-01
5.545940922987445676e-01
5.484581596366461254e-01
5.483008281261071426e-01
5.569540724589872038e-01
5.484581596366460143e-01
5.442888689807451330e-01
5.479861688561084021e-01
5.566394056868301243e-01
5.534927717249719104e-01
5.442888689807451330e-01
5.333543196205897674e-01
5.170704951510305403e-01
5.357142997808322926e-01
5.494808200817680177e-01
5.490088255501510695e-01
5.525487901638963528e-01
5.464915288836860174e-01
5.256450718531017197e-01
5.233637630747471903e-01
5.201384689842381004e-01
5.204531320053159549e-01
5.317023443865492860e-01
5.569540837122245458e-01
5.451542054174861596e-01
5.284770427938819681e-01
5.364222972048763305e-01
5.250944096906756675e-01
5.220264433596264464e-01
5.299323602041371428e-01
5.429515567677826171e-01
5.432662235399396966e-01
5.457048600777539837e-01
5.303650209203495391e-01
5.216331089566603740e-01
5.044052991749466974e-01
4.944933990066759932e-01
5.070799311030299572e-01
4.944147351269460033e-01
4.808055463365492055e-01
4.893014516567322225e-01
5.024386459155121276e-01
5.665513133572591675e-01
5.789805101919950348e-01
5.395689236645763165e-01
5.876337582759540989e-01
6.002202903723080629e-01
6.020295933658085241e-01
5.974669758090994653e-01
5.820484690208862499e-01
5.789805026898369178e-01
5.869257533497520551e-01
5.687539507537254790e-01
5.578980615222209893e-01
5.363436295740672266e-01
5.116032185954133560e-01
5.069226033435699774e-01
4.943360712472160690e-01
4.715229834636716078e-01
4.492605503403948042e-01
4.340780389424502839e-01
4.451699273153028602e-01
4.133889246756421998e-01
3.863278861075458148e-01
3.566315344224543771e-01
3.519902529860156060e-01
3.077800535116189673e-01
2.278948936984133145e-01
2.020138433348986629e-01
1.950125817382172000e-01
1.741268021454656367e-01
1.585509675977923860e-01
1.611076093328993319e-01
1.453272471974965951e-01
1.339207033057243368e-01
1.513845197309441892e-01
1.947765882234878954e-01
2.092511003218489318e-01
2.171176795998759623e-01
2.087004419105021602e-01
