3.704723440113205091e-01
3.591837986482558365e-01
3.678414100707771417e-01
4.027165965836512207e-01
4.178903612987161509e-01
4.164219280320072825e-01
4.219897226709564686e-01
4.133627042159719878e-01
3.989231502992496292e-01
3.979441986781182550e-01
3.931106206725235030e-01
3.806901617681492933e-01
3.967816921692718934e-01
4.082232023700207990e-01
4.188693129198474696e-01
4.337983426471356263e-01
4.309838538188771051e-01
4.213778808252554020e-01
4.203989321216300423e-01
4.240088176833046729e-01
4.408957477353493970e-01
4.895374516316531865e-01
5.220264391917608382e-01
5.617352066277355727e-01
6.048091275551140678e-01
6.464146152157836944e-01
6.852056052956770893e-01
6.839207239991772491e-01
6.514317364390698195e-01
5.490700098180786304e-01
5.412995740315840187e-01
5.478463173741585646e-01
5.496206657287058261e-01
5.529246303675300345e-01
5.657733908174200632e-01
5.688937947335173106e-01
5.633260030120740280e-01
5.688937947335171996e-01
5.811918905202619889e-01
5.825379489993174342e-01
5.966715790756834670e-01
5.800905641114773026e-01
5.427068126107011947e-01
5.435634011142029820e-01
5.223323659496232896e-01
5.161527265474670223e-01
5.241679002392445330e-01
5.284508223342118116e-01
4.976750030285899129e-01
5.288791151272097535e-01
5.576970253555570967e-01
5.674865532368938981e-01
5.696891943844393236e-01
6.000367325670871166e-01
6.098262604484240290e-01
6.120900816960310742e-01
5.975281617441733362e-01
6.088473000747747221e-01
6.375428588555165366e-01
6.535732004040594179e-01
6.299559662867132426e-01
6.420093154156572002e-01
6.233480311740530189e-01
6.037689754113793050e-01
5.907978576788717184e-01
5.386074512384610991e-01
5.408712783210801733e-01
5.298274679457922742e-01
5.320301149283497288e-01
5.238313863488569533e-01
4.833272280144780830e-01
4.614537580366603886e-01
4.681840504319380591e-01
4.741189490113054128e-01
4.765051450465659921e-01
4.903328483650694070e-01
4.949216913828873299e-01
4.926578643002682556e-01
4.965124906847316333e-01
5.100954648504701927e-01
5.364660047785071439e-01
5.639990453803784831e-01
5.567180854044495586e-01
5.397699664998252267e-01
5.496206773987297733e-01
4.837249278399392005e-01
4.786466119290616605e-01
5.085352555986566436e-01
5.514562146058569203e-01
5.439305167246453188e-01
5.250856775953259836e-01
5.503548940320842631e-01
5.994248907213859390e-01
5.967939480283247500e-01
5.795399023658378557e-01
5.766642276025057967e-01
5.668747084736867059e-01
5.701786701950051217e-01
5.641825856805637862e-01
5.598996665031026332e-01
5.592266387223276958e-01
5.471121007408039638e-01
5.161527294649730369e-01
5.610009958293932231e-01
5.844958580765919898e-01
6.011992419934394372e-01
6.079295431412351514e-01
6.119065355608339640e-01
6.121512734661167521e-01
6.171683917718967516e-01
6.105604595767426535e-01
6.104992736416688937e-01
5.956008397994236869e-01
5.684349089729824334e-01
5.610315829619179073e-01
5.569016257046349727e-01
5.498042206164210910e-01
5.544542408167948411e-01
5.461331432846608935e-01
5.488864520128575730e-01
5.497430405163592493e-01
5.590430867521186675e-01
5.562897809414278916e-01
5.479074974742201842e-01
5.290626641799129892e-01
5.131546857489994728e-01
5.318159699906037652e-01
5.493759336584349562e-01
5.482134271495886502e-01
5.480910611144531597e-01
5.488864636828814092e-01
5.321218938309600910e-01
5.301639876711915500e-01
5.215369692162071802e-01
5.233113234057664709e-01
5.351811205645014002e-01
5.458272398668460035e-01
5.458884199669076231e-01
5.304699115115480978e-01
5.337738790678782097e-01
5.327949245292409319e-01
5.232501345531869186e-01
5.271353539051871762e-01
5.432574801913525597e-01
5.364659989434952259e-01
5.455213101914775375e-01
5.355482303399317079e-01
5.238619734813820816e-01
5.003671199867010255e-01
5.024473892640990424e-01
5.031816029799475176e-01
4.826236043486604732e-01
4.754038273902991829e-01
4.867841458209625216e-01
5.015296177430295099e-01
5.603891510661861419e-01
5.794787310182941686e-01
5.413607570491516530e-01
5.948360535385801562e-01
5.997919946618043285e-01
6.039525332166003624e-01
5.892682501471130374e-01
5.833945287503013999e-01
5.851688829398606906e-01
5.830274248098831213e-01
5.717082923142936535e-01
5.563509697940074439e-01
5.353646754522165541e-01
5.083517007109416008e-01
5.045582573440458019e-01
4.954111701109590316e-01
4.761992270412214179e-01
4.479931557410692378e-01
4.278022552151884983e-01
4.407121957651402577e-01
4.152594215231608654e-01
3.871757279281680120e-01
3.673213471276866038e-01
3.557574708918022632e-01
3.158651514856183895e-01
2.292584384578564283e-01
2.195300994290992069e-01
2.008688181050010124e-01
1.846855088012679114e-01
1.589268165539440003e-01
1.629955907936593840e-01
1.439916775691676698e-01
1.430433159980671887e-01
1.516703402880636431e-01
1.911098846499540427e-01
2.087004369090633693e-01
2.175721932693306659e-01
2.059471369333845392e-01
