3.751376650717215266e-01
3.679790747778104998e-01
3.743116746413919782e-01
4.061123357488269359e-01
4.143722466165106755e-01
4.136839179757084706e-01
4.139592481191516904e-01
4.076266548199586337e-01
3.984030851680295249e-01
3.832599075854895010e-01
3.778909599417649146e-01
3.776156363627101165e-01
4.037720328117541113e-01
4.172632164048582504e-01
4.094163040345334403e-01
4.162995707493897246e-01
4.205671846905648104e-01
4.174008913231624929e-01
4.253854720474030682e-01
4.335077145611709870e-01
4.454845922119202717e-01
4.823788642552481742e-01
5.286343743044209509e-01
5.538271119692196320e-01
6.506057525731285818e-01
6.455121547660125358e-01
6.971365927657445782e-01
6.705672043837299645e-01
6.517070731469013500e-01
5.374449585877678626e-01
5.397852615248406316e-01
5.539647671943584983e-01
5.429515548922430046e-01
5.468061769004475270e-01
5.600220369144969235e-01
5.619493610473760281e-01
5.576817405418124096e-01
5.589207229051126324e-01
5.816354827145342465e-01
5.843887841489660007e-01
5.919603532470707474e-01
5.839757790872186494e-01
5.396475866065364446e-01
5.329019948099844584e-01
5.097742365032038592e-01
5.067456049253289407e-01
5.017896557789631728e-01
5.126652062915513230e-01
5.228524412921141673e-01
5.257434110804617422e-01
5.695209432742576183e-01
5.658039764911920733e-01
5.735132205076010070e-01
5.859030966557092768e-01
6.291299882557839229e-01
6.204570788907413093e-01
6.003579455974472623e-01
6.055892248872559724e-01
6.339482624838452818e-01
6.540473826483625963e-01
6.317456082075231238e-01
6.317456082075231238e-01
6.039372308978200321e-01
6.009086058843334799e-01
5.925110332271223967e-01
5.550660877681312666e-01
5.220264442973963082e-01
5.499724768322382662e-01
5.299421908446788620e-01
5.198926307624203158e-01
4.720539805939347744e-01
4.588381140154970117e-01
4.588381140154970117e-01
4.698513263176125054e-01
4.713656453887442588e-01
4.885737957649138874e-01
4.889867942622728725e-01
4.898127912569907871e-01
4.966960448430702835e-01
5.057819527054719932e-01
5.587830742443620213e-01
5.637390168263392010e-01
5.488711693872423414e-01
5.642896836776140068e-01
5.594713963207758045e-01
4.874724751911411746e-01
4.851321722540683501e-01
5.088105974121237551e-01
5.480451855213013257e-01
5.653910042513867751e-01
5.072962717766036356e-01
5.457048694554516022e-01
6.011839557209419649e-01
5.870044172294819340e-01
5.894823819560821576e-01
5.766795270037801124e-01
5.713105793600556925e-01
5.645649875635035952e-01
5.539647737587469756e-01
5.597467067710537592e-01
5.514867959033700195e-01
5.585077244077536474e-01
5.293226963808347341e-01
5.534141069074722807e-01
5.808094857198162764e-01
6.166024437537598324e-01
6.104075122440941747e-01
6.138491423193280783e-01
6.218337361723456080e-01
6.236233591293667278e-01
6.289922936443145263e-01
6.276156363627101165e-01
5.909966878984369565e-01
5.789509957638950821e-01
5.549284128498270796e-01
5.411618991132797207e-01
5.406112453907818693e-01
5.507984672625678702e-01
5.531387767640290054e-01
5.565804068392630199e-01
5.527257782666701313e-01
5.620870162725148944e-01
5.527257782666700203e-01
5.436398769686567878e-01
5.450165276858727204e-01
5.128028746454671438e-01
5.382709358893206231e-01
5.411619056776681980e-01
5.411619122420565642e-01
5.466685151109201835e-01
5.374449520233794964e-01
5.320760043796548544e-01
5.170704951510306513e-01
5.210627920775393607e-01
5.045429637777834042e-01
5.306993602268273991e-01
5.640143404053939991e-01
5.323513410874864960e-01
5.333149998717318097e-01
5.333149998717319207e-01
5.212004538670667042e-01
5.183094775143307631e-01
5.368942851721046905e-01
5.363436248852183619e-01
5.378579439563501152e-01
5.466685151109201835e-01
5.170704951510307623e-01
5.185848142221622936e-01
5.028909763527360521e-01
5.048182873568383133e-01
5.103248902257018216e-01
4.874724751911411746e-01
4.892621244057160368e-01
4.902257766255729843e-01
4.955947177049091490e-01
5.546531089639374912e-01
5.892070780701926802e-01
5.258810728699891968e-01
5.726872563348250900e-01
6.031112601606557488e-01
6.108204910482878391e-01
5.952643346615541509e-01
5.945759928919751580e-01
5.817731379396732239e-01
5.748898777892053058e-01
5.674559573518511701e-01
5.593337148380831403e-01
5.424008946053566760e-01
5.119768842151376509e-01
5.161068363667853376e-01
4.958700544127407350e-01
4.742566217414802554e-01
4.494768760096521376e-01
4.262114493489557177e-01
4.355726939191890690e-01
4.158865656876423733e-01
3.773403193480437956e-01
3.626101402628627568e-01
3.351459338379492725e-01
3.146338151760730284e-01
1.820622099738319621e-01
1.750412880338367283e-01
1.648540661620507275e-01
1.583838045089418500e-01
1.560434950074806315e-01
1.550110020462774074e-01
1.432268712504705666e-01
1.406112348877603668e-01
1.582323804790947697e-01
1.865363428568517501e-01
2.144823721094995528e-01
2.224669593981285498e-01
2.159966977450196446e-01
