3.739904550466435773e-01
3.530653466399262808e-01
3.726138021412981893e-01
3.942731286401229274e-01
4.237334824342260942e-01
4.222650506262701775e-01
4.155653439047644615e-01
4.174008825706445602e-01
3.930800291637396859e-01
3.937224639769775769e-01
3.884911890634277776e-01
3.746328898598814683e-01
3.968428810218514458e-01
4.130873748019053271e-01
4.159324595152065207e-01
4.236417079078744763e-01
4.272210063370242561e-01
4.214390667603291063e-01
4.211637344287564866e-01
4.267621205764895453e-01
4.447503741198128857e-01
4.769640337246066619e-01
5.324889963126254733e-01
5.534141134718605359e-01
6.232562654002192781e-01
6.391336610748667990e-01
6.866740385623858467e-01
6.824522878149624772e-01
6.355543495169402313e-01
5.441446631211441787e-01
5.499265939453213958e-01
5.529552233350668589e-01
5.465308489451338181e-01
5.535976625245637717e-01
5.679148474886447362e-01
5.718612440232009320e-01
5.615822476250632578e-01
5.615822476250633688e-01
5.826909094607427564e-01
5.908590436139454782e-01
5.880139632769031399e-01
5.856277643241366571e-01
5.426762225606703849e-01
5.334067678336950058e-01
5.188142549143002213e-01
5.130323153376050715e-01
5.188142549143001103e-01
5.253304082068438463e-01
5.110132319952805924e-01
5.385462725971521536e-01
5.667217436360026950e-01
5.649779838727330139e-01
5.705763700204661282e-01
5.904919455085390068e-01
6.164647797761030334e-01
6.220631615475772369e-01
6.032489153857948372e-01
6.150881224944987347e-01
6.448238217489513646e-01
6.576725705288176682e-01
6.328010480825084771e-01
6.383076509513719854e-01
6.206864955134548945e-01
6.055433354359506248e-01
6.014133723436557721e-01
5.356094089812403203e-01
5.299192439308969549e-01
5.367566146300594143e-01
5.313417862875473574e-01
5.206956786552265903e-01
4.793043432260679082e-01
4.510829783596533304e-01
4.650330477132921803e-01
4.686123417661829382e-01
4.705396549584147103e-01
4.913729844625214227e-01
4.952276152232439332e-01
4.921072069308878860e-01
4.988069136523936575e-01
5.259728517725997810e-01
5.401982622103291831e-01
5.596549475616083846e-01
5.558003211771449514e-01
5.607562681353811529e-01
5.507525996925571876e-01
4.785242400589141964e-01
4.882525805464243973e-01
5.050477389896234071e-01
5.547907795059828784e-01
5.595631730352569333e-01
5.163362901877001088e-01
5.500183816004498016e-01
5.942548017429098994e-01
5.909508225165559514e-01
5.792033855579445945e-01
5.721365719785145298e-01
5.651615329254362496e-01
5.591960486722967749e-01
5.640602211041814140e-01
5.599302580118864503e-01
5.587371629117621197e-01
5.540565482850986490e-01
5.212922283934183776e-01
5.520374561902563482e-01
5.822320237002079901e-01
6.055433441884685575e-01
6.093979705729319907e-01
6.139868106732438990e-01
6.183920929683347500e-01
6.161894343157535703e-01
6.204111675581411856e-01
6.171071970843051702e-01
5.877845116441178241e-01
5.753946442485274870e-01
5.511196846691867046e-01
5.477239440452580377e-01
5.412995696553249969e-01
5.502019219006352158e-01
5.478157229478685109e-01
5.470815048557612359e-01
5.451541960397884301e-01
5.532305512903805678e-01
5.523127841455699460e-01
5.401982490815523397e-01
5.315712291678148516e-01
5.152349608614094079e-01
5.355176344548887579e-01
5.512114679480563106e-01
5.421255666500429671e-01
5.502937008032456889e-01
5.445117699790683607e-01
5.231277626830395100e-01
5.226688812987636545e-01
5.183553779062833877e-01
5.124816594269776537e-01
5.271659512489829114e-01
5.615822563775811904e-01
5.425844524105777333e-01
5.263399542542649412e-01
5.378120632575627003e-01
5.231277626830395100e-01
5.159691745772578830e-01
5.285425997780693885e-01
5.447870935581231588e-01
5.371696196918068766e-01
5.472650670372413151e-01
5.272577213990755629e-01
5.204662357749593182e-01
5.018355474183979759e-01
4.998164509472968198e-01
5.067914900003751555e-01
4.913729888387803890e-01
4.810939880643838595e-01
4.892621178413276706e-01
5.016519896131770295e-01
5.590125039958525610e-01
5.739721193969126167e-01
5.393722608393521911e-01
5.882893087372524921e-01
6.034324731910157835e-01
6.014133723436555501e-01
5.973751969064889922e-01
5.862702035136334588e-01
5.827826839870943187e-01
5.821402491738564278e-01
5.678230685860343741e-01
5.569934031484925496e-01
5.363436270733478173e-01
5.102331244518679698e-01
5.095447958110658204e-01
4.988069136523935465e-01
4.725587514295159219e-01
4.445668206908506837e-01
4.304331847794728994e-01
4.423641795433053692e-01
4.164831154258339940e-01
3.795888455706355469e-01
3.580212979744214485e-01
3.476964121249785933e-01
3.166758476203089256e-01
2.121420582317793679e-01
1.936031531540875206e-01
1.886013167445460825e-01
1.606552754571861918e-01
1.600128406439483009e-01
1.676762039615698752e-01
1.403634336012155037e-01
1.331130687809528867e-01
1.609214417143969567e-01
1.901615252669830447e-01
2.100770898144087295e-01
2.174192313491523920e-01
2.118208539539372659e-01
