3.712142056043649663e-01
3.570002762819797226e-01
3.717648691734455335e-01
3.986095844167090174e-01
4.213243442261306315e-01
4.153359021185617506e-01
4.213931718387001202e-01
4.149229101855912427e-01
3.966822668482183900e-01
3.923458154478912108e-01
3.898678408747083823e-01
3.755506602868863286e-01
3.954432812027240951e-01
4.121696054689653055e-01
4.177450490791750903e-01
4.326817241308414941e-01
4.249724735500440831e-01
4.207736839392443029e-01
4.188463729351420417e-01
4.228386632972623294e-01
4.409416382807194168e-01
4.893309553004797086e-01
5.220264410152020140e-01
5.670429687010747344e-01
6.035930829883899840e-01
6.399367045914141627e-01
6.842648970720963675e-01
6.816492442984151134e-01
6.486095975454858609e-01
5.468750176417938036e-01
5.493529889327825044e-01
5.441217063607795001e-01
5.482516617946212589e-01
5.523816205106573118e-01
5.659416481273020771e-01
5.716547469626509503e-01
5.600220369144969235e-01
5.666988010984794766e-01
5.789510056104777425e-01
5.881745752624067958e-01
5.954019997332757885e-01
5.753028730043701078e-01
5.364812866747457054e-01
5.393722597452874634e-01
5.234030950146121297e-01
5.126652095737456172e-01
5.229900965172531446e-01
5.348293090962809027e-01
5.088105875655410948e-01
5.322136727335706752e-01
5.607791964500628001e-01
5.673182955623237156e-01
5.733755620002678466e-01
5.943695166186551138e-01
6.159141216773461602e-01
6.148816287161429361e-01
5.917538704093623370e-01
6.076542009630797603e-01
6.320897856567010420e-01
6.556305358964521490e-01
6.399366914626374303e-01
6.424146693180143863e-01
6.276156494914869599e-01
6.100633347949162566e-01
5.885875671953773036e-01
5.386151002097216978e-01
5.329708257047481856e-01
5.334182347261975377e-01
5.291506175028284353e-01
5.174490732777163871e-01
4.859237455959189989e-01
4.593199466898139072e-01
4.675798542753034637e-01
4.744631111435770876e-01
4.748761063587418341e-01
4.904322725920582382e-01
4.931855805908784696e-01
4.935297449112794888e-01
4.965583797713486458e-01
5.123210518177329087e-01
5.375137894825315898e-01
5.603662143636747306e-01
5.569245842884408271e-01
5.427450654901462279e-01
5.522439652855184455e-01
4.839620175033377825e-01
4.799697271412174948e-01
5.087761704770621396e-01
5.505231502479014383e-01
5.525881296059195202e-01
5.176899961792633675e-01
5.518309733525479377e-01
5.996696300854218453e-01
5.929928593370508150e-01
5.843199434076196130e-01
5.717924087521782939e-01
5.659416448451077830e-01
5.674559606340453533e-01
5.621558504494728048e-01
5.605726972013833631e-01
5.598155409480115585e-01
5.505919712960825052e-01
5.112197246795717742e-01
5.627065140185534275e-01
5.865225944017476989e-01
6.024917656968115098e-01
6.126789941329859879e-01
6.148816352805314134e-01
6.164647819642324889e-01
6.169465949453840636e-01
6.149504497643240031e-01
6.164647688354556454e-01
5.910999522926507765e-01
5.720333250893366861e-01
5.590239643239667267e-01
5.513491275494541988e-01
5.494906507223098480e-01
5.586453829150868078e-01
5.418502277540819811e-01
5.491464864019087733e-01
5.474256746464859491e-01
5.560985774471403076e-01
5.564427417675413823e-01
5.462555133313669042e-01
5.282213758070619658e-01
5.125275445020239795e-01
5.394410939222454848e-01
5.505231436835129610e-01
5.465308533213928399e-01
5.476321771773596803e-01
5.467373591344606432e-01
5.278772147688550742e-01
5.268447250898460332e-01
5.201679674702519574e-01
5.213381222209825250e-01
5.311123488776037238e-01
5.534829542132069236e-01
5.451542058863709794e-01
5.273265544819687456e-01
5.354488068423193248e-01
5.304928544137594848e-01
5.240914203732200960e-01
5.251583271407080922e-01
5.444658739633747579e-01
5.407489170268917622e-01
5.472880128569586056e-01
5.307681845572027601e-01
5.201679576236692970e-01
5.018584932381153774e-01
4.954570559153817499e-01
5.031663064961791054e-01
4.860269935791615703e-01
4.754956041047803117e-01
4.840996760106709429e-01
5.031663064961791054e-01
5.689014488104133793e-01
5.788133471031445820e-01
5.382021049945568958e-01
5.929928691836334753e-01
6.011151149795956883e-01
6.035242455292378905e-01
5.946448401977099119e-01
5.865914220143172431e-01
5.803964872224572913e-01
5.796393276868914146e-01
5.722054170961199393e-01
5.564427450497355654e-01
5.365501274160919820e-01
5.041643823689033743e-01
5.069865179802930388e-01
4.951128948771749139e-01
4.693006725951146541e-01
4.504405380760916899e-01
4.335765454559347143e-01
4.428001183900579507e-01
4.162307267258492094e-01
3.842924071110811468e-01
3.643653691067644806e-01
3.541781472349784798e-01
3.091616195491058150e-01
2.237747726561923334e-01
2.183370006820924691e-01
1.943144243324128329e-01
1.780355123698153519e-01
1.582805532435050122e-01
1.609994441538462606e-01
1.490501073947074206e-01
1.367979061649033379e-01
1.500826003559106447e-01
1.955534116190042471e-01
2.117979048520256813e-01
2.186811617202993330e-01
2.080809479155427688e-01
