3.735682799719012293e-01
3.768722469447300938e-01
3.755506622562028163e-01
4.057268617321073134e-01
4.105726827597287465e-01
4.178414037981393325e-01
3.995594665189801664e-01
3.995594665189801664e-01
4.081497827489394825e-01
3.746695952941632157e-01
3.746695952941631602e-01
3.790748880922755193e-01
4.105726932627501435e-01
4.178414143011608961e-01
4.160793013831244336e-01
4.057268827381502740e-01
4.061674109676592925e-01
4.074889956561865700e-01
4.339207209357961448e-01
4.332599233400217242e-01
4.524229170781990383e-01
4.885462634070084076e-01
5.198237992112177963e-01
5.246696202388392294e-01
6.621145853909956580e-01
6.786344097521184171e-01
7.068282164406998191e-01
6.638766773029888268e-01
6.409691883624736297e-01
5.535242560322594096e-01
5.537445148955031371e-01
5.537445148955031371e-01
5.488986938678817040e-01
5.312775436814753949e-01
5.623348101194195481e-01
5.623348206224410006e-01
5.850220506997125813e-01
5.623348206224410006e-01
5.876652200767671363e-01
5.876652200767670253e-01
5.841409732346514172e-01
5.757709263709573921e-01
5.414096929601843744e-01
5.325991283700026724e-01
5.094713700632220732e-01
5.154185064131054927e-01
5.244493508725739384e-01
5.127753370360509377e-01
4.982378949592297102e-01
5.268722718894059964e-01
5.828193990491457033e-01
5.643171924037212461e-01
5.621145407531542570e-01
5.958149765681528542e-01
6.162995865039220256e-01
6.374449625264009267e-01
5.894273329948033213e-01
5.997797621427990444e-01
6.493392352261676548e-01
6.709251289751343439e-01
6.387665367119067517e-01
6.381057496191538947e-01
6.072687315414320164e-01
6.052863492571304294e-01
5.883260071695199933e-01
5.687224746988120971e-01
5.477973680425982650e-01
5.480176374088635560e-01
5.386563994030187930e-01
5.028634571236072492e-01
4.834801940191645886e-01
4.625550768599294704e-01
4.656387744664930994e-01
4.656387744664930994e-01
4.662995615592460119e-01
4.889867916365174816e-01
4.922907586093464016e-01
4.889868021395390452e-01
4.881057456805207861e-01
5.019824006645892123e-01
5.759912272462871519e-01
5.632158980875022758e-01
5.522026713437321321e-01
5.537445253985247007e-01
5.555066383165609967e-01
4.925110279756116927e-01
4.845815093414266306e-01
5.154185274191483979e-01
5.524229407099974232e-01
5.541850536280337192e-01
5.013216030688147917e-01
5.592511230158774271e-01
6.011013573343478855e-01
5.887665248960075592e-01
6.008810669620394673e-01
5.848017603274042742e-01
5.814978038575968622e-01
5.623348101194196591e-01
5.557268866767832716e-01
5.557268866767832716e-01
5.438326139770166545e-01
5.438326139770166545e-01
5.275330484791375119e-01
5.436123446107512525e-01
5.881057378032548133e-01
6.092511138257336034e-01
6.092511138257336034e-01
6.174009123292053536e-01
6.211454075315433476e-01
6.090308444594683124e-01
6.286343559241334145e-01
6.427312802744669096e-01
5.920704813658149712e-01
5.850220296936696762e-01
5.499999986871222379e-01
5.389867929493951104e-01
5.500000091901438015e-01
5.491189527311256535e-01
5.535242350262163935e-01
5.500000091901438015e-01
5.480176269058421035e-01
5.504405374196528200e-01
5.438326139770165435e-01
5.389867929493952214e-01
5.427312881517332155e-01
5.165198322383889318e-01
5.464757833540710985e-01
5.451541986655437100e-01
5.299559589929481174e-01
5.416299728294712290e-01
5.299559589929482284e-01
5.337004541952861114e-01
5.180616862931815003e-01
5.354625671133225184e-01
4.993392207845132047e-01
5.352423187531001325e-01
5.583700665568592791e-01
5.246696202388392294e-01
5.224669790912936929e-01
5.246696307418606819e-01
5.237885637798210814e-01
5.259911944243450543e-01
5.259911944243448323e-01
5.429515575179983955e-01
5.376652187638893965e-01
5.381057469933985260e-01
5.112334934842799328e-01
5.149779886866178158e-01
5.167400911016327703e-01
5.028634361175644552e-01
5.090308418337130547e-01
4.863436222594629821e-01
4.887665327732736986e-01
4.854625658004447786e-01
4.955947150791537581e-01
5.513216043816925316e-01
5.887665564050720279e-01
5.041850418121345268e-01
5.799559813118687623e-01
6.004405492355520124e-01
5.997797411367560283e-01
5.960352669404611614e-01
5.936123459236289923e-01
5.887665248960075592e-01
5.660793053217575421e-01
5.685022053325468061e-01
5.643171924037211351e-01
5.515418632449362590e-01
5.125550781728072103e-01
5.125550781728072103e-01
4.856828351667100696e-01
4.806167552758449091e-01
4.392070491868835802e-01
4.180616626613831710e-01
4.400881161489231808e-01
4.167400884758773461e-01
3.627753436004393928e-01
3.563876790210470102e-01
3.490088232995036677e-01
3.192731310470653949e-01
1.949339096061132870e-01
1.626651826597531048e-01
1.598017544194547945e-01
1.664096883651125236e-01
1.631057213922836591e-01
1.555065963044751087e-01
1.319163006866954091e-01
1.508590303101182417e-01
1.624229042119978428e-01
2.050660798908651716e-01
2.160792856285922992e-01
2.180616679128939417e-01
2.136563856178030352e-01
