3.816079332892188813e-01
3.816079332892188813e-01
3.865638627424192175e-01
3.893171773056278151e-01
4.361233410772985541e-01
4.311673853665445311e-01
4.124449356124084143e-01
4.124449356124084143e-01
4.124449356124084143e-01
3.744493364309193772e-01
3.733480158571466645e-01
3.689427335620558135e-01
4.333700527716436435e-01
4.080396533173176188e-01
3.893171773056278151e-01
4.003304093009086295e-01
4.036343710222267123e-01
3.904184978794005279e-01
4.201542058863711460e-01
4.509912082095606789e-01
4.509912082095606789e-01
5.170704951510306513e-01
5.209251302880120171e-01
5.209251302880120171e-01
7.367841990654464546e-01
7.367841990654464546e-01
7.466960579718471269e-01
6.519823835971791937e-01
6.068282138149445615e-01
5.583700823113915135e-01
5.385462594683753101e-01
5.517621588687552370e-01
5.385462594683753101e-01
5.407489006159207356e-01
5.633260117645918497e-01
5.715859029391103796e-01
5.996696169566450019e-01
5.633260117645918497e-01
5.908590523664634109e-01
5.996696169566450019e-01
5.996696169566450019e-01
5.996696169566450019e-01
5.523127797693110352e-01
5.715859029391103796e-01
5.236784185936669278e-01
5.236784185936669278e-01
4.867841662435042349e-01
5.346916505889476312e-01
5.159691745772578830e-01
5.424009208629103629e-01
5.908590523664634109e-01
5.908590523664634109e-01
5.770925320655275748e-01
6.128854638419174439e-01
6.079295606462709056e-01
6.079295606462709056e-01
5.561674149062924011e-01
6.079295606462709056e-01
6.294052987060618776e-01
6.844713799098047780e-01
6.409691778594521772e-01
6.409691778594521772e-01
6.222467018477624290e-01
5.903083789508001278e-01
5.903083789508001278e-01
5.583700560538378266e-01
5.583700560538378266e-01
5.462555297423379308e-01
5.484581708898834673e-01
5.187224891404664806e-01
4.609030933735150382e-01
4.355726939191890690e-01
4.355726939191890690e-01
4.355726939191890690e-01
4.955947045761323055e-01
4.867841399859506035e-01
4.801762165433143270e-01
4.752202870901139908e-01
5.022026542763222690e-01
5.148678540034852258e-01
5.561674411638460880e-01
5.561674411638460880e-01
5.501101648793194077e-01
5.561674411638460880e-01
5.583700823113915135e-01
4.763215814063330167e-01
4.895374545491592011e-01
5.286344005619746378e-01
5.737885966017631789e-01
5.567180883219555732e-01
5.104625717083943748e-01
5.842511289238270233e-01
6.150881575045703542e-01
5.743392175023189772e-01
5.853524232400461047e-01
5.825991086768373961e-01
5.671806206440195286e-01
5.539647737587469756e-01
5.578193826381746545e-01
5.605726972013832521e-01
5.600220500432737669e-01
5.600220500432737669e-01
5.308370154519663764e-01
5.435022151791293332e-01
5.980176492247627484e-01
5.936123669296718974e-01
6.051762460830621970e-01
6.194934397996610942e-01
6.266520366579606538e-01
6.051762460830621970e-01
6.646475570667886856e-01
6.387664841967993778e-01
5.842510764087196495e-01
5.903083789508001278e-01
5.583700560538378266e-01
5.583700560538378266e-01
5.583700560538378266e-01
5.429515417634662722e-01
5.539647737587469756e-01
5.633260117645918497e-01
5.225770980198942706e-01
5.539647737587469756e-01
5.435022151791293332e-01
5.600220500432737669e-01
5.600220500432737669e-01
5.154185011615948220e-01
5.253304125831028681e-01
5.611233443594927373e-01
5.049559688395308665e-01
5.209251302880120171e-01
5.005506865444400155e-01
5.005506865444400155e-01
5.165198479929211661e-01
5.027533014344317541e-01
4.840308516802956929e-01
5.176211685666938234e-01
5.490088180479929525e-01
5.490088180479929525e-01
5.038546482657580983e-01
5.049559688395308665e-01
5.148678540034852258e-01
5.319383360257390336e-01
5.319383360257390336e-01
5.424008946053566760e-01
5.357929711627203995e-01
5.236784185936669278e-01
5.005506865444400155e-01
5.143172068453756296e-01
4.851321459965147187e-01
5.341409771732845702e-01
5.110132188665039710e-01
4.834801782646324653e-01
4.823788839484134394e-01
4.845814988384051780e-01
5.110132188665039710e-01
5.501101648793194077e-01
5.561674411638460880e-01
4.862334928278410628e-01
5.897577580502442185e-01
6.018722581041904274e-01
5.792951732130730003e-01
6.123348429413617566e-01
6.040748992517358529e-01
5.930616935140087254e-01
5.655286529121372752e-01
5.831497820925006792e-01
5.682819674753458727e-01
5.523127797693110352e-01
5.242290920093300999e-01
4.944934102599132242e-01
4.834802045221861522e-01
4.686123636474777698e-01
4.162995444918360932e-01
4.328193793559804159e-01
4.383260084823976666e-01
4.025330504484540550e-01
3.568282072505560287e-01
3.524229249554652332e-01
3.524229249554652332e-01
3.039647409368048669e-01
1.657488907693381586e-01
1.649229069033970596e-01
1.649229069033970596e-01
1.891519857839503715e-01
1.756608021908462325e-01
1.365638561780308236e-01
1.310572533091672598e-01
1.723568142119744351e-01
1.990638709479047863e-01
1.844713667810279345e-01
1.938326047868728086e-01
2.290748894051532480e-01
1.965858930925277748e-01
