3.660058757811559538e-01
3.689427306445498544e-01
3.720019573780911082e-01
4.035731763346351864e-01
4.268233006765512205e-01
4.262114529958381248e-01
4.118942709492631193e-01
4.092021539911521177e-01
3.952520817200071979e-01
3.799559422172889001e-01
3.849730721930927912e-01
3.767743494486121558e-01
4.002692175308230071e-01
4.159324551389476099e-01
4.118942767842750374e-01
4.291483195292559172e-01
4.238864458131573199e-01
4.136074479562668049e-01
4.192364256127836253e-01
4.314733267119368332e-01
4.426089159898352055e-01
4.783406851711990981e-01
5.265540991920110159e-01
5.621635023382395291e-01
6.484337043931200917e-01
6.421928907259140118e-01
6.932207819049603925e-01
6.714390791597293351e-01
6.395007562627671449e-01
5.460107889195492392e-01
5.379344263751920652e-01
5.526187065271734866e-01
5.429515563509960119e-01
5.483357902672181261e-01
5.703622250827201645e-01
5.611845507171082659e-01
5.578805860782840575e-01
5.589819037345509223e-01
5.823543999466143095e-01
5.823543999466143095e-01
5.927557580036283413e-01
5.844346633890004084e-01
5.394028479718770974e-01
5.370778407891962924e-01
5.141948203876984813e-01
5.066079394889190235e-01
5.066079394889189125e-01
5.190895843283668265e-01
5.253304155006087717e-01
5.307146552518428040e-01
5.708517008932857406e-01
5.675477304194497252e-01
5.728096041355483781e-01
5.898189089752463588e-01
6.235927865843716722e-01
6.199217121701173783e-01
6.003426447374198283e-01
6.139256189031583322e-01
6.375428530205045075e-01
6.576113845937439084e-01
6.298335885815539159e-01
6.377875850907754884e-01
6.133137595524214003e-01
6.032795112708374541e-01
6.005873884777145344e-01
5.471121007408039638e-01
5.230053966479041305e-01
5.465002530600909791e-01
5.295521399904784543e-01
5.182941846774447026e-01
4.795031945975514187e-01
4.610866482612301365e-01
4.616984901069312031e-01
4.691629991355633633e-01
4.713656461181207624e-01
4.916789097616309778e-01
4.919236535019257395e-01
4.892315365438146268e-01
5.015908095131151878e-01
5.170093150509689206e-01
5.540871572989182203e-01
5.644885270259560883e-01
5.544542612393363878e-01
5.613069342572793996e-01
5.602056107660007278e-01
4.906999581404996036e-01
4.807880700590392853e-01
5.119921909101770030e-01
5.551884807901968921e-01
5.626529956538409705e-01
5.149290457735707927e-01
5.516397724110779777e-01
5.989966008458940117e-01
5.860254626908446562e-01
5.870044143119760305e-01
5.736661897215440398e-01
5.725648603952536719e-01
5.628977102190760862e-01
5.558003109658741225e-01
5.526187065271735976e-01
5.587371658292680232e-01
5.606950690715306607e-01
5.272883129078594910e-01
5.561674090712805940e-01
5.773372641357984447e-01
6.111111359099117291e-01
6.093979647379200726e-01
6.146598384540186144e-01
6.256730616967816072e-01
6.255506664865865263e-01
6.238374953145948698e-01
6.201664209003404649e-01
5.883504640385136542e-01
5.729931502707454882e-01
5.593490018399571717e-01
5.427068067756892766e-01
5.416054949544345520e-01
5.504160653796281721e-01
5.523739686218906986e-01
5.564121469765633821e-01
5.495594797936322884e-01
5.606950690715305496e-01
5.523739686218906986e-01
5.394028479718770974e-01
5.384238963507459452e-01
5.168869431808214010e-01
5.407489093684386683e-01
5.444199837826929622e-01
5.407489152034505864e-01
5.487029000426484338e-01
5.442976235825693898e-01
5.285120024342735423e-01
5.230053966479040195e-01
5.237396161987644128e-01
5.074645250749149072e-01
5.318159787431215868e-01
5.614292944574029720e-01
5.342633577959498004e-01
5.302251794412771169e-01
5.315712408378387988e-01
5.176211568966699872e-01
5.144395582929813804e-01
5.385462682208932428e-01
5.368331028839135044e-01
5.381791642804750753e-01
5.438081361019799775e-01
5.201909078196457203e-01
5.194566941037970231e-01
5.040381885659434014e-01
5.033039690150831191e-01
5.068526715591900045e-01
4.906999581404996036e-01
4.864170418805442986e-01
4.881302072175240925e-01
4.952276123057379187e-01
5.505384489197993059e-01
5.819873018412079491e-01
5.236172443286171152e-01
5.774596476759695785e-01
6.045032066322635345e-01
6.082966295766174536e-01
5.925110317683693895e-01
5.915320684772142901e-01
5.816201803957539163e-01
5.797846373536148512e-01
5.674253702193262638e-01
5.564121528115753001e-01
5.444199837826929622e-01
5.112579655243045806e-01
5.149290341035469565e-01
4.953499841758852162e-01
4.772393675149324554e-01
4.477484120007744206e-01
4.312285829716420715e-01
4.395496892562939517e-01
4.198482674584848029e-01
3.800783257574601448e-01
3.604992758297984046e-01
3.375550753282389183e-01
3.171194339795693207e-01
1.812897565073154083e-01
1.822687139634586451e-01
1.656265188991907777e-01
1.593856993969727798e-01
1.686857514677440051e-01
1.625061062305758197e-01
1.498286821534243474e-01
1.397944192843106337e-01
1.542339702835270610e-01
1.850220256091612836e-01
2.071708235422927147e-01
2.176945651394780468e-01
2.187958886307567186e-01
