3.780286348600691015e-01
3.780286348600691015e-01
3.780286348600691015e-01
3.879405200240235163e-01
4.102422813360862008e-01
4.264867794923988820e-01
4.036343578934499243e-01
4.036343578934499243e-01
4.091409738910902760e-01
3.714206982886560371e-01
3.714206982886559816e-01
3.653634351329060892e-01
4.207048530444805756e-01
4.212555133313670153e-01
4.074889930304312347e-01
4.113436281674125450e-01
3.995044123061906038e-01
3.995044123061906594e-01
4.339207261873068711e-01
4.330947291925889009e-01
4.408039732089977791e-01
4.859581561200095323e-01
5.176211554379169799e-01
5.247797522962165395e-01
6.941079808810349805e-01
6.916300030256579134e-01
7.109030999379035709e-01
6.547356981603877912e-01
6.261013369847437948e-01
5.498348413002646096e-01
5.564427516141239316e-01
5.564427516141239316e-01
5.564427516141239316e-01
5.272577170228165411e-01
5.572687354800650583e-01
5.814978143606184258e-01
5.911343890742949414e-01
5.814978143606184258e-01
5.897577317926906426e-01
5.897577317926905316e-01
5.848017760819365085e-01
5.743392175023189772e-01
5.591960399197788423e-01
5.291850345913072795e-01
5.253303994543260247e-01
5.253303994543260247e-01
5.096365747136764046e-01
5.294603581703620776e-01
5.000000131287767324e-01
5.297357080069704516e-01
5.839757922159954928e-01
5.638766589227014459e-01
5.569933987722335278e-01
5.905836894010779714e-01
6.172907723945620928e-01
6.426211718488881175e-01
5.936123669296718974e-01
6.013216109460808312e-01
6.462004702780377308e-01
6.635462627505696043e-01
6.456497968623746697e-01
6.456497968623746697e-01
6.049008831176769796e-01
6.029735786779630846e-01
5.812224776527868952e-01
5.743392175023189772e-01
5.531387767640290054e-01
5.481828341820518258e-01
5.385462725971522646e-01
5.071586099870761810e-01
4.727423092347369238e-01
4.592511125128559968e-01
4.592511125128559968e-01
4.625550742341741906e-01
4.617290772394562204e-01
4.933920765573637235e-01
4.928414162704773394e-01
4.889868073910497159e-01
4.887114706832181299e-01
4.986233689759493326e-01
5.682819806041228272e-01
5.600220631720506104e-01
5.476321870239423406e-01
5.547907838822417892e-01
5.517621457399783935e-01
4.958700544127407350e-01
4.843061752593503799e-01
5.090859275555669194e-01
5.594714028851642817e-01
5.616740440327095962e-01
5.156938509982031960e-01
5.638766720514781783e-01
6.109581856597574578e-01
5.812224776527867842e-01
6.040748992517357419e-01
5.839757659584416949e-01
5.853524232400459937e-01
5.572687354800651693e-01
5.572687354800650583e-01
5.572687354800651693e-01
5.382709358893206231e-01
5.382709358893206231e-01
5.167951584431991208e-01
5.407489137446975791e-01
5.897577317926906426e-01
6.037995625439042113e-01
5.999449536644765324e-01
6.101322017938162201e-01
6.148128207967387127e-01
6.181167562605031085e-01
6.266519841428532800e-01
6.332599075854894455e-01
5.914096732670190981e-01
5.809471409449552537e-01
5.410242373237523772e-01
5.435022151791293332e-01
5.506607989086520494e-01
5.503854753295972513e-01
5.531387767640290054e-01
5.514867959033700195e-01
5.495594783348792811e-01
5.424008946053566760e-01
5.382709358893205120e-01
5.498348150427109227e-01
5.440528754660157729e-01
5.093612380058448741e-01
5.437775518869609748e-01
5.503854753295971403e-01
5.330396565995118019e-01
5.377202887312111379e-01
5.313876757388528160e-01
5.308370154519663764e-01
5.184471524326349501e-01
5.313876757388527050e-01
4.991740292628357167e-01
5.327643461492338472e-01
5.481828341820518258e-01
5.349669741680025403e-01
5.129405495637713308e-01
5.129405495637714418e-01
5.253304125831028681e-01
5.258810597412123533e-01
5.258810597412122423e-01
5.484581708898834673e-01
5.291850345913072795e-01
5.382709490180974665e-01
5.107378952874491729e-01
5.104625717083943748e-01
5.132158600140493965e-01
5.096365615848996722e-01
4.950440574180228204e-01
4.889867942622728725e-01
4.881608103963317458e-01
4.832048546855776672e-01
4.977973588524545745e-01
5.600220500432737669e-01
5.897577449214674861e-01
4.980727086890629485e-01
5.831498083500542551e-01
5.988436330907038752e-01
5.996696169566448908e-01
6.049009093752306665e-01
5.922356833905139117e-01
5.889317216691958290e-01
5.611233706170464242e-01
5.649779794964741031e-01
5.589207294695009987e-01
5.525881164771426768e-01
5.151431907113168673e-01
5.129405364349945984e-01
4.815528869536954693e-01
4.818282105327502673e-01
4.292400809268306916e-01
4.113436019098588581e-01
4.386013320614523536e-01
4.146475767599538953e-01
3.609581659665921372e-01
3.532489088214063599e-01
3.546255661030106032e-01
3.174559507874626929e-01
2.075991119590316902e-01
1.672632032760814347e-01
1.623072606941042273e-01
1.705671781261763886e-01
1.678138766917446345e-01
1.547356719028342154e-01
1.277257671072097589e-01
1.561123291844385419e-01
1.843061673820843571e-01
2.067731280930905635e-01
2.197136513993083462e-01
2.139317118226132242e-01
2.150330323963859092e-01
