3.755506607557711485e-01
3.679987407477430250e-01
3.746066716925374185e-01
4.019823770327907719e-01
4.188168674158548321e-01
4.177155430910030609e-01
4.049716794841101697e-01
4.090623062602812832e-01
4.021397122944088687e-01
3.813719228946336193e-01
3.813719228946335638e-01
3.791692892492463662e-01
4.081183171970474421e-01
4.166142262683095177e-01
4.128382700153744311e-01
4.159849077283118701e-01
4.046570239651904322e-01
4.150409186650781401e-01
4.238514907574179591e-01
4.331340536302956123e-01
4.417872979631756181e-01
4.749842729444496148e-01
5.146318511110581362e-01
5.363436295740672266e-01
6.537130564706615798e-01
6.562303756436012048e-01
6.966645926075091255e-01
6.708622098748033835e-01
6.482064423485606186e-01
5.471995225566509413e-01
5.498741544847339791e-01
5.547514275603626643e-01
5.453115294258669143e-01
5.423222269745475721e-01
5.678099541883334656e-01
5.594713878808478258e-01
5.651353297624085448e-01
5.665513096061800535e-01
5.838577907697819480e-01
5.868470857189429513e-01
5.881057303010964743e-01
5.750472111752837900e-01
5.470421722907163886e-01
5.368156203546049499e-01
5.040906286517106150e-01
5.012586614620093695e-01
5.097545705332713339e-01
5.136878620478243507e-01
5.119572191829748764e-01
5.270610667011895734e-01
5.800818345168469170e-01
5.698552675764191333e-01
5.726872272639621508e-01
5.988042955242203202e-01
6.302706426449612431e-01
6.216173983120810709e-01
5.937696871869734272e-01
6.041535743847029627e-01
6.364065678049014574e-01
6.618942950186872398e-01
6.351479007162733614e-01
6.346759099357356382e-01
6.065135432917083680e-01
5.999056123469138635e-01
5.903083864529582447e-01
5.484581596366461254e-01
5.286343743044208399e-01
5.492448209404200421e-01
5.362649544411001168e-01
5.142385279613292948e-01
4.680616939828935452e-01
4.542164985489906548e-01
4.564191396965360803e-01
4.677470159574993458e-01
4.704216553877407780e-01
4.902454482221240140e-01
4.896161221799682495e-01
4.902454557242822974e-01
4.938640767155992317e-01
5.078665999089621019e-01
5.692259640407378862e-01
5.610447179905538873e-01
5.440528923458716193e-01
5.634046943997172985e-01
5.591567323619280883e-01
4.856828306654152327e-01
4.830081987373319730e-01
5.130585510099849866e-01
5.407489268734745336e-01
5.605727197078577140e-01
4.981120312512302140e-01
5.602580491846216315e-01
6.047829154311753497e-01
5.833857849849276578e-01
5.936123369210390965e-01
5.882630730648726880e-01
5.728445625255801366e-01
5.671806281461776456e-01
5.578980652733001033e-01
5.564820779273703666e-01
5.501888100036538276e-01
5.597860433997675633e-01
5.250157458109457886e-01
5.523914511511992531e-01
5.824418034238522113e-01
6.120201574138091072e-01
6.165827749705180549e-01
6.167401102321361517e-01
6.184707681013019709e-01
6.143801263208145125e-01
6.310572739401022480e-01
6.294839513325545255e-01
6.003775881231352418e-01
5.707205890088438149e-01
5.541220865138904994e-01
5.438955345777789496e-01
5.426368899956255376e-01
5.542794292776667131e-01
5.536501032355108931e-01
5.528634494338950933e-01
5.508181285436514196e-01
5.542794292776667131e-01
5.484581596366461254e-01
5.412209026496958009e-01
5.454688571853268941e-01
5.188798131488473464e-01
5.366582850929869641e-01
5.388609337426905066e-01
5.369729556162230466e-01
5.508181360458096476e-01
5.325676658189740786e-01
5.382316077005346866e-01
5.215544450769306062e-01
5.232851029460963144e-01
5.072372663646480540e-01
5.276903927433453934e-01
5.643486684586346280e-01
5.311516859752025699e-01
5.327250085827502923e-01
5.327250085827502923e-01
5.242290920093302109e-01
5.155758401742919217e-01
5.328823288400518221e-01
5.380742724389167009e-01
5.360289665529893721e-01
5.415355731729319944e-01
5.147891863726762329e-01
5.162051737186058586e-01
5.180931443429153127e-01
4.968533716647604015e-01
5.064505975587160203e-01
4.856828306654152327e-01
4.894587869183502638e-01
4.891441238972721872e-01
4.990560128123057715e-01
5.437382218226355368e-01
5.844871243140959960e-01
5.171491702839978721e-01
5.910950627610486174e-01
6.003776181317680427e-01
6.101321642830251912e-01
5.943990132291295803e-01
5.964443116128986810e-01
5.848017723308575055e-01
5.715859104412686076e-01
5.635619921505443664e-01
5.613593585051571688e-01
5.421648992150878144e-01
5.171491627818397552e-01
5.180931518450735407e-01
4.949654010404510585e-01
4.701069998688209850e-01
4.493392104690456246e-01
4.257394538795690742e-01
4.332913813897554811e-01
4.137822515764500442e-01
3.681560835115192942e-01
3.639081289758882565e-01
3.375550728275195089e-01
3.306324788616471499e-01
1.841566887556335963e-01
1.618155917526269139e-01
1.644902386850264908e-01
1.644902386850264908e-01
1.592982950861617508e-01
1.568596510461892635e-01
1.432347377322205351e-01
1.434707368735685384e-01
1.583385777482769485e-01
2.024858416175946141e-01
2.153870254817892571e-01
2.185336706968848131e-01
2.207363118444301830e-01
