3.748348025703729380e-01
3.611508806560312923e-01
3.658865643747646335e-01
4.050110151750542231e-01
4.192731310470653172e-01
4.198237887081963104e-01
4.220814998230634774e-01
4.093612353800894499e-01
3.973017606556237813e-01
3.995594717704908927e-01
3.931718045653430638e-01
3.834251109230661370e-01
3.984030838551518849e-01
4.115088118118239713e-01
4.212555107056115133e-01
4.318281987168511304e-01
4.280837061402684718e-01
4.229074941920260566e-01
4.204295242139150512e-01
4.240088173915541603e-01
4.395925179520924209e-01
4.861233555189530264e-01
5.238986853341767169e-01
5.659691758901356229e-01
5.982929754295729374e-01
6.466960605976024290e-01
6.840308569318065413e-01
6.861784307377855052e-01
6.584251286469149367e-01
5.527533185018416173e-01
5.428414254606210854e-01
5.454295274961094009e-01
5.550660890810088510e-01
5.535242402777271753e-01
5.644273297126092270e-01
5.656387797180039145e-01
5.626652115430622603e-01
5.656387797180038035e-01
5.845264498771264305e-01
5.907489150575753190e-01
5.947136743746679333e-01
5.808920841064103557e-01
5.436674093265622121e-01
5.411894393484513177e-01
5.223568391566504321e-01
5.205947236128587452e-01
5.255506714463467066e-01
5.236784264709329895e-01
4.992290887271358391e-01
5.288546410449308510e-01
5.566630078516123792e-01
5.602973709965731741e-01
5.737334898738662980e-01
5.996145548665893221e-01
6.007158806918729832e-01
6.123898892768850910e-01
5.969163181479686386e-01
6.042401012764347934e-01
6.356828443568538489e-01
6.500550896604868623e-01
6.318832765614390556e-01
6.392621322829821207e-01
6.246145502715174658e-01
6.012114605084161179e-01
5.818282052812394634e-01
5.440528754660157729e-01
5.375000114876797852e-01
5.275605821499207426e-01
5.340583814124457707e-01
5.238160921990934193e-01
4.853799674138506992e-01
4.631057397725711899e-01
4.706497870157920760e-01
4.711453825868672785e-01
4.761563925104109751e-01
4.897577160381583750e-01
5.010462637352278703e-01
4.942731356421372624e-01
4.946035318142690262e-01
5.080396638203390491e-01
5.403634581082655819e-01
5.573788780404637100e-01
5.523127981495985495e-01
5.421806357421128375e-01
5.433920909990181958e-01
4.907489124318199503e-01
4.812224802785422528e-01
4.985407627120890806e-01
5.491189658599023860e-01
5.447687430291119348e-01
5.264868031241972668e-01
5.501101570020532350e-01
5.990088351154028157e-01
5.939978120630825531e-01
5.843061778851057486e-01
5.783590415352224401e-01
5.629405429993828980e-01
5.672356932370966609e-01
5.618392145483441791e-01
5.596916407423652151e-01
5.528634479334635365e-01
5.470815083567683867e-01
5.203193974080485562e-01
5.548458328435206255e-01
5.839757895902401019e-01
5.947687443419894526e-01
6.083150057796815613e-01
6.076542081839070297e-01
6.100220513561513958e-01
6.156938457466925030e-01
6.102422970906183908e-01
6.087004482873366040e-01
5.912720337964124662e-01
5.721641047740460007e-01
5.586729185551864152e-01
5.585903175428370560e-01
5.501652085890873511e-01
5.532489061956510357e-01
5.520374535645010683e-01
5.506608015344074403e-01
5.493392220973908335e-01
5.629405429993830090e-01
5.526982485345199869e-01
5.517070573923691379e-01
5.280286466759683828e-01
5.104074991153173535e-01
5.335352547963425618e-01
5.477423059525426963e-01
5.495594862121454538e-01
5.495594914636561246e-01
5.448238077449227834e-01
5.287445063617981500e-01
5.290198351923637299e-01
5.223568417824058230e-01
5.264592668276586451e-01
5.333149933073433324e-01
5.458150015128289123e-01
5.464207265155260895e-01
5.348017747690588797e-01
5.359581679359086692e-01
5.341409850505506318e-01
5.253579410023753171e-01
5.240363563138480396e-01
5.460903224661284305e-01
5.397026631382465522e-01
5.448788724607336320e-01
5.356277691380214590e-01
5.230726935909696396e-01
5.020925222189449588e-01
4.958149870711744400e-01
4.958149870711743290e-01
4.779185133057133328e-01
4.787445024231651303e-01
4.888766569533848916e-01
5.030837054838296352e-01
5.582599292479712982e-01
5.698788757429279483e-01
5.403083828894331697e-01
5.942731566481802563e-01
6.033039879788717474e-01
6.033039774758502949e-01
5.881057404290100932e-01
5.820484693959940836e-01
5.835903181992757593e-01
5.829845931965784711e-01
5.773127909287715243e-01
5.568282072505560398e-01
5.388766687692839730e-01
5.087830519254414874e-01
5.072962652122152694e-01
4.971916391012681236e-01
4.763766618766762662e-01
4.504956021354638018e-01
4.264317226538540950e-01
4.372246747798480548e-01
4.157488999594819434e-01
3.911894327840629293e-01
3.701817251154997379e-01
3.550936175002813444e-01
3.254680625567310526e-01
2.332048428696786024e-01
2.178964737654610351e-01
2.012665173469609103e-01
1.843336958013567506e-01
1.612610074618978651e-01
1.639317157612462383e-01
1.466629944602601265e-01
1.477918460790605404e-01
1.525275350493047466e-01
1.889592487755905881e-01
2.064977940110143684e-01
2.148127709073867353e-01
2.042400881476579555e-01
