2.037437332543748647e-01
2.037437332543748647e-01
2.034267896557438726e-01
2.015251310844259902e-01
2.053284474727370690e-01
2.056453903170434028e-01
2.057087788859046362e-01
2.049164217735541249e-01
2.042825353306167990e-01
2.005109109653469834e-01
1.986092508885491381e-01
1.982289194722121062e-01
1.977535052073373656e-01
1.925556372899490942e-01
1.910976994549847541e-01
1.907173680418171591e-01
1.955032080002178374e-01
1.933796894394702315e-01
1.936966322837765653e-01
1.891960408836668439e-01
1.867238836839482108e-01
1.926824144276716444e-01
1.929676629891320383e-01
1.857730543967045511e-01
1.828254829352805311e-01
1.820014307889288308e-01
1.819063479372216297e-01
1.807970472294095632e-01
1.803533272473807070e-01
1.841883386696929747e-01
1.858047486827198447e-01
1.857413601138586390e-01
1.818746528937122131e-01
1.818112643280203611e-01
1.811456843565617814e-01
1.787686107660444723e-01
1.783882785985521635e-01
1.791172478963660997e-01
1.816527929106213357e-01
1.809872121848380977e-01
1.802265486041782216e-01
1.789270814386270392e-01
1.781347235751212510e-01
1.763281478586800066e-01
1.735390478178244489e-01
1.722712756894439201e-01
1.714947653445234310e-01
1.702586867446640728e-01
1.695614124871901718e-01
1.675963653470110282e-01
1.662968989357845595e-01
1.650925153762652642e-01
1.644586296876526244e-01
1.635394946864242860e-01
1.625252768334887743e-01
1.591973739557277501e-01
1.570738546406554581e-01
1.550771132176303746e-01
1.520027646184838876e-01
1.508617696246564444e-01
1.480409752977855653e-01
1.468682852667874406e-01
1.457906780874966002e-01
1.447764602313916793e-01
1.433819102077944496e-01
1.448715430830988804e-01
1.416228755416291119e-01
1.413059319429981198e-01
1.421299840893498201e-01
1.399430762085856761e-01
1.382315818352022330e-01
1.380097218457725372e-01
1.374392239716964448e-01
1.375026125373882968e-01
1.381048039399855876e-01
1.388020789486147377e-01
1.389922446551985491e-01
1.385485246763391298e-01
1.380414153742937633e-01
1.374075289313563819e-01
1.382632753637234591e-01
1.379146382365712131e-01
1.366785596367119104e-01
1.361714510858217653e-01
1.354741760771926151e-01
1.350304560951637589e-01
1.343331810833651441e-01
1.340859652144300307e-01
1.334837738118326844e-01
1.322476959662980400e-01
1.321209188285755454e-01
1.317088931325620105e-01
1.316771988497161261e-01
1.315504217151630129e-01
1.311383952616553827e-01
1.312017838273472070e-01
1.314870323856381640e-01
1.305045095762121521e-01
1.303777324416590944e-01
1.290782660304325979e-01
1.303143438727978054e-01
1.333886917239585357e-01
1.350684895451831347e-01
1.728417743115057970e-01
1.835861457616156933e-01
1.817478757623285368e-01
1.822866785960645941e-01
1.812090721710983843e-01
1.822866793472198155e-01
1.819380414657429113e-01
1.842517264842295499e-01
1.878331843949297142e-01
1.878965737149462523e-01
1.851074751859095313e-01
1.818746551630251451e-01
1.801631615439663325e-01
1.802899386816889105e-01
1.815577108100694115e-01
1.810189072220087236e-01
1.799729943287331768e-01
1.781664186122918769e-01
1.769303400156020112e-01
1.808604350439461383e-01
1.792757193201039712e-01
1.804484093511020681e-01
1.821599029669914160e-01
1.820648201152842149e-01
1.821915972530067929e-01
1.815577100557447532e-01
1.826036221946955584e-01
1.820331250781136445e-01
1.815894043385906376e-01
1.832375093887881889e-01
1.830790379682197266e-01
1.834371834562920911e-01
1.821694090649375319e-01
1.816939948032321450e-01
1.813770519589258112e-01
1.823912705661860090e-01
1.834688769879827819e-01
1.815672176623401857e-01
1.808382476102015635e-01
1.833104063185695687e-01
1.849902048972883462e-01
1.847588365469384764e-01
1.839759855325340254e-01
1.840710676330859497e-01
1.850852862403461474e-01
1.879599607751581691e-01
1.941086579797900724e-01
1.852342508118132447e-01
1.860583029613343820e-01
1.880550443875289024e-01
1.895763723000038758e-01
1.906222844421241458e-01
1.907807558658620450e-01
1.907807558658620450e-01
1.893862058454342800e-01
1.891960401356810317e-01
1.825085393366495390e-01
1.811456835990676861e-01
1.799729943255637121e-01
1.799096057567024509e-01
1.801948535638381865e-01
1.797511335849787673e-01
1.791806364683968256e-01
1.784199721334122357e-01
1.772789771427542294e-01
1.784199721334122357e-01
1.770888114361704180e-01
1.770254228673091845e-01
1.767084792686781369e-01
1.759795099772030746e-01
1.762013699666327982e-01
1.765500078449402654e-01
1.759478156911877256e-01
1.723346642583051813e-01
1.643952403676360863e-01
1.603383689527246581e-01
1.563448853460109589e-01
1.508300745843163815e-01
1.466147302338483005e-01
1.460759274001122709e-01
1.466147302338483005e-01
1.466147302338482727e-01
1.465196473789716625e-01
1.472169223907702773e-01
1.475338652350765833e-01
1.492770531401507172e-01
1.503229660334262918e-01
1.511470181829474013e-01
1.517809046258847550e-01
1.536508696655119743e-01
1.541262846847114565e-01
1.543322971555558254e-01
1.541104364086320067e-01
1.543006021152157903e-01
1.549661828409990560e-01
1.569946185500394886e-01
1.588328885524961098e-01
1.589596656902186322e-01
1.597995646008309456e-01
1.580563774500814977e-01
1.581197660189427590e-01
1.586902638930188791e-01
1.590389010201710973e-01
1.594350799519239914e-01
1.598787999339528199e-01
1.603225206703063621e-01
1.600055778260000561e-01
1.611148777794874642e-01
1.615269034755009714e-01
1.611148777763180551e-01
1.614476681392096602e-01
1.646170995964022499e-01
1.626203574190524803e-01
1.683253346448249643e-01
1.722078886292320310e-01
1.717007793240171998e-01
1.671367986038910236e-01
1.655837771597253594e-01
1.657105535462926049e-01
1.639356721126972172e-01
1.643318510444501390e-01
1.636187285108967882e-01
1.620181660164551896e-01
1.630006895833753244e-01
1.627788295939456287e-01
1.626045106516224303e-01
1.628422181596374529e-01
1.626203581733771664e-01
1.623034138204214605e-01
1.621132488649929260e-01
1.620023184915310444e-01
1.623984974232838829e-01
1.614952099438103361e-01
1.594350807062486497e-01
1.586744163744335245e-01
1.584842506646803040e-01
1.580246831640661209e-01
1.573907967211287950e-01
1.546650867609533353e-01
1.546333924749380140e-01
1.540312010723406955e-01
1.535557868074659549e-01
1.531913029160530682e-01
1.488650259323184011e-01
1.475655587667673019e-01
1.408305169269681023e-01
1.401332419151695152e-01
1.381681932663409718e-01
1.355692589257303515e-01
1.336992953979219412e-01
1.331604925641858561e-01
1.331287982845093809e-01
1.330337154296327984e-01
1.322476967269615999e-01
1.309799245985810434e-01
1.308848417437044331e-01
1.312651731568720004e-01
1.284126849243175661e-01
1.252907948945633232e-01
1.207585077061277545e-01
1.163213037465617022e-01
1.117161201925035430e-01
1.061157347498560277e-01
9.947260618134674826e-02
9.421134969826666650e-02
8.850003445265489099e-02
8.216117173160507325e-02
