2.045474105037057844e-01
2.039022054299471642e-01
2.039022044062207828e-01
2.015364514439457189e-01
2.002460392446743787e-01
2.075583685440408888e-01
2.067841214292233387e-01
2.079885062807387275e-01
2.060528890120101597e-01
2.028698742373132025e-01
1.985685009308290894e-01
1.979232958570704970e-01
1.983104189004653573e-01
1.902238414625549712e-01
1.878150738026755640e-01
1.904819245166450570e-01
1.952994598364038992e-01
1.952994598364038992e-01
1.945252127215863769e-01
1.894495953757651674e-01
1.837717845697065255e-01
1.955145271734646806e-01
1.883742525610073437e-01
1.856213744992818715e-01
1.792123312846127803e-01
1.816210989444922153e-01
1.814060305880065005e-01
1.771476740222779900e-01
1.812339759010972717e-01
1.832126068437038569e-01
1.847180863714331378e-01
1.853202787993415424e-01
1.819221946444325166e-01
1.823523323854317202e-01
1.793413712782189473e-01
1.793413712782189473e-01
1.795134259651281206e-01
1.795564396347047176e-01
1.794704122955515235e-01
1.782230147938844989e-01
1.771476719791266752e-01
1.762013701817013167e-01
1.743087665825493460e-01
1.735775341653361947e-01
1.708676697817901047e-01
1.692761629106061261e-01
1.679642454121360873e-01
1.677491770513488967e-01
1.668028762733486103e-01
1.660286301822574695e-01
1.637919172092871800e-01
1.634908215093468509e-01
1.627595890921336441e-01
1.594905469782834928e-01
1.584152041635256414e-01
1.536406825133434240e-01
1.509308181297973062e-01
1.488231461698582003e-01
1.474897213247366445e-01
1.461132828057370714e-01
1.443712265468427847e-01
1.431238280214493785e-01
1.413172517657519944e-01
1.398977985534494983e-01
1.401988942533898275e-01
1.400268395664806820e-01
1.394246471428736700e-01
1.378331392436620284e-01
1.399838269206304386e-01
1.360265640116909702e-01
1.347791654819962548e-01
1.347361518081182929e-01
1.366717680574218996e-01
1.389084810303921336e-01
1.397257418147862806e-01
1.402849195450903141e-01
1.391665630607558657e-01
1.388224536869375469e-01
1.383923159459383434e-01
1.383923159459383434e-01
1.368438227400296525e-01
1.374030014983614045e-01
1.362416303164226405e-01
1.352953295384223265e-01
1.334887543064512960e-01
1.332306722760875917e-01
1.322843704743609239e-01
1.322069452540269308e-01
1.316907811976008313e-01
1.314757128368137240e-01
1.308305077673564687e-01
1.309165351108110553e-01
1.307874940934785069e-01
1.309165351108110831e-01
1.308305077673564687e-01
1.312176308107513845e-01
1.292390008918711808e-01
1.291013577600207962e-01
1.294110555830816911e-01
1.294970829265362777e-01
1.304863994258672888e-01
1.331962627899883900e-01
1.369814679322368944e-01
1.701794520535784561e-01
1.852342504364619946e-01
1.844169896520679031e-01
1.824813723747365224e-01
1.799435637018259315e-01
1.811909612034929562e-01
1.811909612034929562e-01
1.844169906714928364e-01
1.868687720009488962e-01
1.861805532576136790e-01
1.840298676280979762e-01
1.812769905987015873e-01
1.812769905987015873e-01
1.831265805239756239e-01
1.810189075446115292e-01
1.807608244905214712e-01
1.792553449627921069e-01
1.774487687070947228e-01
1.767175352661551624e-01
1.795564396390061102e-01
1.784810978479746402e-01
1.783950705045199980e-01
1.798145237168224941e-01
1.828254838046103059e-01
1.815780863029433090e-01
1.814490452899121531e-01
1.825674017742466293e-01
1.827394554331280008e-01
1.821372630095210443e-01
1.826534270659471437e-01
1.839008266150668203e-01
1.833115373675379967e-01
1.827093449439309569e-01
1.806016729882932437e-01
1.803005762603251683e-01
1.830835658349740380e-01
1.841287981562334530e-01
1.828813996265386821e-01
1.798274248454479751e-01
1.835696204259293918e-01
1.855482513642345843e-01
1.852342514558870390e-01
1.844169906714929197e-01
1.844298928324474562e-01
1.857633186969939731e-01
1.864386342599496926e-01
1.965468563143445702e-01
1.845030180149474508e-01
1.873419234201274819e-01
1.874709634094322841e-01
1.906109655382789980e-01
1.910841169531561634e-01
1.890194586670950472e-01
1.890194586670950472e-01
1.910841149057034838e-01
1.884602799087632952e-01
1.842449349608573372e-01
1.795134269888544742e-01
1.798145226887948034e-01
1.796854816757636197e-01
1.810189054971588496e-01
1.793413702587939584e-01
1.779649327678221316e-01
1.785241104938248280e-01
1.772336993225812340e-01
1.780509601069753256e-01
1.771476719791266752e-01
1.771906856530046370e-01
1.756852050972475543e-01
1.748679443128534072e-01
1.767175342424288365e-01
1.780939737808533152e-01
1.741797255652168530e-01
1.700934247187266546e-01
1.625445186881951665e-01
1.600497236891625374e-01
1.574258876684960229e-01
1.536406825133433962e-01
1.461562954515873425e-01
1.435539647344208913e-01
1.460702681081327559e-01
1.479198580334067648e-01
1.450164316163000400e-01
1.470595835794359929e-01
1.502425983541329779e-01
1.529524627419804605e-01
1.531675321221925568e-01
1.529094500918288524e-01
1.530384911091613731e-01
1.533395868091017300e-01
1.560064364993448416e-01
1.561999975091791504e-01
1.559419144550890368e-01
1.568882162525143398e-01
1.559204081321639290e-01
1.564795868904957088e-01
1.570817782903763393e-01
1.578990380467427124e-01
1.577915033566366920e-01
1.587593114769871305e-01
1.586302714919836654e-01
1.598776679656229160e-01
1.604798593698049392e-01
1.606304077337890046e-01
1.613616401510021559e-01
1.605013667207578210e-01
1.603078057023208103e-01
1.615552021845627628e-01
1.621143799148668518e-01
1.616412295280173772e-01
1.619853389018356682e-01
1.657705461044410022e-01
1.640930108660761388e-01
1.680287654046377643e-01
1.714268505832731992e-01
1.709536991683960061e-01
1.675986307348176496e-01
1.645876696276048212e-01
1.682868494824542316e-01
1.655339714293315168e-01
1.627380797023308401e-01
1.616627368789702590e-01
1.622219146092742925e-01
1.637489014879564830e-01
1.635123257805178587e-01
1.642435592171560543e-01
1.639854771910937425e-01
1.630391753936684118e-01
1.624799966353366043e-01
1.625660239787912187e-01
1.621143799148668241e-01
1.623724619452305562e-01
1.623079419484274866e-01
1.587378061820897135e-01
1.576624633673318621e-01
1.577915043803630457e-01
1.574043803089404114e-01
1.558128734377564883e-01
1.532965710920723978e-01
1.534686267984065045e-01
1.531245174245882412e-01
1.532320531427220356e-01
1.534041088490561422e-01
1.474251982567544583e-01
1.456186230247834279e-01
1.371879341656020157e-01
1.413602644116022655e-01
1.383493033000881001e-01
1.360695766532398765e-01
1.321123157960544803e-01
1.344780697863572905e-01
1.334457416649024175e-01
1.332306733084166750e-01
1.307874951258076179e-01
1.308735224649608397e-01
1.317768105885081531e-01
1.322499609796589926e-01
1.284217406193402522e-01
1.244429718950374603e-01
1.184640653976412050e-01
1.121410500382898218e-01
1.051599246311284847e-01
9.768844254772512947e-02
8.845769970540537375e-02
8.131742304979668046e-02
7.111457102556616172e-02
6.276991079164798149e-02
