2.008912484004343746e-01
2.008912484004343746e-01
2.008912484004343746e-01
2.069131624422545501e-01
2.039022054514540438e-01
1.948693200264450809e-01
1.930627458440086208e-01
2.008912484004343746e-01
3.032638729237340791e-01
1.918583630356446301e-01
1.918583630356446301e-01
1.918583630356446301e-01
1.918583630356446301e-01
1.918583630356446301e-01
1.918583630356446301e-01
2.069131624422545501e-01
2.069131624422545501e-01
2.069131624422545501e-01
2.069131624422545501e-01
2.069131624422545501e-01
2.069131624422545501e-01
1.858364489938244546e-01
1.828254776708548857e-01
1.828254776708548857e-01
1.858364489938244546e-01
2.069131624422545501e-01
1.900517888532081701e-01
1.918583630356446301e-01
1.918583630356446301e-01
1.918583630356446301e-01
1.810189034281992626e-01
1.780079464373987563e-01
1.912561716615722163e-01
1.912561716615722163e-01
1.912561716615722163e-01
1.912561716615722163e-01
1.912561716615722163e-01
1.912561716615722163e-01
1.912561716615722163e-01
1.912561716615722163e-01
1.912561716615722163e-01
1.912561716615722163e-01
1.912561716615722163e-01
1.575334244232602932e-01
1.539202616659991474e-01
1.587378072316243394e-01
1.620498670755455284e-01
1.620498670755455284e-01
1.587378072316243394e-01
1.545224673722405684e-01
1.563290416148962469e-01
1.563290416148962469e-01
1.563290416148962469e-01
1.478983476241789163e-01
1.460917734417425118e-01
1.244128685590207978e-01
1.214018972360512566e-01
1.280260169841129225e-01
1.352523138342970888e-01
1.394676679656307039e-01
1.376610794510251812e-01
1.370588880167335488e-01
1.370588880167335488e-01
1.346501224000055119e-01
1.322413567832774195e-01
1.370588880167335488e-01
1.346501224000055119e-01
1.322413567832774195e-01
1.244128685590207978e-01
1.214018972360512566e-01
1.310369740351325918e-01
1.310369740351325918e-01
1.310369740351325918e-01
1.310369740351325918e-01
1.533180702317075150e-01
1.328435482175690519e-01
1.328435482175690519e-01
1.328435482175690519e-01
1.334457395916414657e-01
1.334457395916414657e-01
1.533180702317075150e-01
1.370588880167335488e-01
1.370588880167335488e-01
1.370588880167335488e-01
1.232084714184877167e-01
1.322413567832774195e-01
1.304347826008410149e-01
1.299530208902378026e-01
1.262194428016764625e-01
1.262194428016764625e-01
1.346501224000055119e-01
1.232084714184877167e-01
1.340479310259330981e-01
1.298325912267685456e-01
1.340479310259330981e-01
1.298325912267685456e-01
1.340479310259330981e-01
1.244128685590207978e-01
1.244128685590207978e-01
1.244128685590207978e-01
1.304347826008410149e-01
1.454895820074508794e-01
1.436830078250144194e-01
1.436830078250144194e-01
2.069131624422545501e-01
2.069131624422545501e-01
2.069131624422545501e-01
1.780079464373987563e-01
1.774057550031071240e-01
1.774057550031071240e-01
1.774057550031071240e-01
1.846320661854604084e-01
1.846320661854604084e-01
1.864386404281160869e-01
1.864386404281160869e-01
1.762013722549622963e-01
1.762013722549622963e-01
1.762013722549622963e-01
1.762013722549622963e-01
1.677706782642449657e-01
1.810189034281992626e-01
1.810189034281992626e-01
1.677706782642449657e-01
1.677706782642449657e-01
1.677706782642449657e-01
1.677706782642449657e-01
1.864386404281160869e-01
1.864386404281160869e-01
1.864386404281160869e-01
1.864386404281160869e-01
1.864386404281160869e-01
1.792123292457628025e-01
1.864386404281160869e-01
1.864386404281160869e-01
1.836083279024098291e-01
1.840298604792189319e-01
1.828254776708548857e-01
1.755991808206707194e-01
1.846320661854604084e-01
1.846320661854604084e-01
1.755991808206707194e-01
1.836083279024098291e-01
1.864386404281160869e-01
1.864386404281160869e-01
1.906539802272805839e-01
1.864386404281160869e-01
1.894495974189165377e-01
1.894495974189165377e-01
1.840298604792189319e-01
1.840298604792189319e-01
1.840298604792189319e-01
1.840298604792189319e-01
1.840298604792189319e-01
1.840298604792189319e-01
1.840298604792189319e-01
1.840298604792189319e-01
1.840298604792189319e-01
1.888474060448441239e-01
1.948693200264450809e-01
1.876430232364800776e-01
1.834276690449273550e-01
1.834276690449273550e-01
1.762013722549622963e-01
1.762013722549622963e-01
1.816210948624908950e-01
1.810189034281992626e-01
1.804167120541267932e-01
1.810189034281992626e-01
1.804167120541267932e-01
1.653619126475169288e-01
1.810189034281992626e-01
1.780079464373987563e-01
1.737926066382342594e-01
1.792123292457628025e-01
1.798145206198352164e-01
1.755991808206707194e-01
1.653619126475169288e-01
1.617487642224247901e-01
1.587378072316243394e-01
1.460917734417425118e-01
1.460917734417425118e-01
1.460917734417425118e-01
1.244128685590207978e-01
1.244128685590207978e-01
1.575334244232602932e-01
1.244128685590207978e-01
1.244128685590207978e-01
1.575334244232602932e-01
1.545224673722405684e-01
1.545224673722405684e-01
1.563290416148962469e-01
1.575334244232602932e-01
1.623509555964972040e-01
1.545224673722405684e-01
1.545224673722405684e-01
1.545224673722405684e-01
1.533180702317075150e-01
1.557268501806046701e-01
1.539202616659991474e-01
1.623509555964972040e-01
1.617487642224247901e-01
1.617487642224247901e-01
1.617487642224247901e-01
1.596410871266484288e-01
1.659641040215893426e-01
1.539202616659991474e-01
1.650608241265652532e-01
1.539202616659991474e-01
1.539202616659991474e-01
1.596410871266484288e-01
1.641575298391528825e-01
1.650608241265652532e-01
1.587378072316243394e-01
1.587378072316243394e-01
1.587378072316243394e-01
1.587378072316243394e-01
1.478983476241789163e-01
1.478983476241789163e-01
1.478983476241789163e-01
1.478983476241789163e-01
1.912561716615722163e-01
1.701794582131421207e-01
1.611465728483524318e-01
1.593399986056967532e-01
1.635553384048613057e-01
1.659641040215893426e-01
1.650608241265652532e-01
1.719860323955785808e-01
1.719860323955785808e-01
1.719860323955785808e-01
1.629531470307888363e-01
1.629531470307888363e-01
1.635553384048613057e-01
1.629531470307888363e-01
1.635553384048613057e-01
1.587378072316243394e-01
1.557268501806046701e-01
1.478983476241789163e-01
1.478983476241789163e-01
1.557268501806046701e-01
1.478983476241789163e-01
1.244128685590207978e-01
1.593399986056967532e-01
1.593399986056967532e-01
1.244128685590207978e-01
1.460917734417425118e-01
1.244128685590207978e-01
1.244128685590207978e-01
1.346501224000055119e-01
1.346501224000055119e-01
1.316391654092050056e-01
1.340479310259330981e-01
1.376610794510251812e-01
1.292303997924769132e-01
1.262194428016764625e-01
1.292303997924769132e-01
1.292303997924769132e-01
1.262194428016764625e-01
1.299530208902378026e-01
1.280260169841129225e-01
7.744188899067011578e-02
7.051668066143756963e-02
4.070817759547317588e-02
4.612790736908627121e-02
3.631217532567432293e-02
2.462965062482985051e-02
0.000000000000000000e+00
2.444899538049923743e-02
2.613513273338195775e-02
1.360953932598652633e-02
