2.049058577716843244e-01
2.036512911544668125e-01
2.031494649742786318e-01
2.013930721969459936e-01
2.101750373231210112e-01
2.104259492113402796e-01
2.027480028588646288e-01
2.096732099586219034e-01
2.066622493546695638e-01
2.031996452101263173e-01
1.986330210975363608e-01
1.993857627389495624e-01
2.006403281618196477e-01
1.927114675173751124e-01
1.904030659453481711e-01
1.894495950352399760e-01
1.939660341396108600e-01
1.956220628872971101e-01
1.958729759698637773e-01
1.895499602692702901e-01
1.870910096443230974e-01
1.961238890574487914e-01
1.848829721220156541e-01
1.853847994764782348e-01
1.794130620975000479e-01
1.860371734951662692e-01
1.799650708821577683e-01
1.804167156271325734e-01
1.840298676302486724e-01
1.842807807128153674e-01
1.853847994764782070e-01
1.849833373460094410e-01
1.840800490504072850e-01
1.839295023962183306e-01
1.799650708821577405e-01
1.790617825865555568e-01
1.801658013502184241e-01
1.801156175413649585e-01
1.788108683096414353e-01
1.779075800090209880e-01
1.753984467745860198e-01
1.748464379899282717e-01
1.733911409046501040e-01
1.708820076702151913e-01
1.697278062870279935e-01
1.679212308851527891e-01
1.663404778557649732e-01
1.660895647681800147e-01
1.651862776619069662e-01
1.619244051747535940e-01
1.611214833075291508e-01
1.607702049909321140e-01
1.578094282008515037e-01
1.567054094321703728e-01
1.556013906685075054e-01
1.528413443464875787e-01
1.501314806439918992e-01
1.475721647900326283e-01
1.453390353532619250e-01
1.440844687360444409e-01
1.420269790572550594e-01
1.405716807776294930e-01
1.390160172639735847e-01
1.372094406627326901e-01
1.373098058917447684e-01
1.400196707885878189e-01
1.371090754287023483e-01
1.370087101946720343e-01
1.399193055595757684e-01
1.389156532242906694e-01
1.352523174073028411e-01
1.345497595747430775e-01
1.379119972959267637e-01
1.386647365486451677e-01
1.388152843971815209e-01
1.391665627187968213e-01
1.381629091841460599e-01
1.373599873119033532e-01
1.376610830139944064e-01
1.374603525459337228e-01
1.365570642453132477e-01
1.360552380801798300e-01
1.348508540774683573e-01
1.330944612900992197e-01
1.328435482075325247e-01
1.321911741888444347e-01
1.318398958722474257e-01
1.316492012144941104e-01
1.319001142920425418e-01
1.317997490580122555e-01
1.306455488741907478e-01
1.307459141082210896e-01
1.307459141082211174e-01
1.318499316825547940e-01
1.290898865599005296e-01
1.313481055124031405e-01
1.294913486903692956e-01
1.289794855205811108e-01
1.287285724329960968e-01
1.296820433531408467e-01
1.367176503129249043e-01
1.388152843971815209e-01
1.433819085047532693e-01
1.538700873918519563e-01
1.775061226509236645e-01
1.853346156726430605e-01
1.831767607548050736e-01
1.806676275153518141e-01
1.789112347279826765e-01
1.806676275153518418e-01
1.809185405979185646e-01
1.799148870682859835e-01
1.827753010130311606e-01
1.795636111403838553e-01
1.779577662065693067e-01
1.796639763744141971e-01
1.830763979094695848e-01
1.831265805239756517e-01
1.810189070313145965e-01
1.799148882676517569e-01
1.789112347380192036e-01
1.777068507403260222e-01
1.790617825865555846e-01
1.782086769104776758e-01
1.789614185518909328e-01
1.835280414651152547e-01
1.837287719331759106e-01
1.821731096138673733e-01
1.832269457630242293e-01
1.822734748478977707e-01
1.832771271831828697e-01
1.815207344008319401e-01
1.831767619491525279e-01
1.837287707338103038e-01
1.837438256386004498e-01
1.832921808936256725e-01
1.820877968959324633e-01
1.797292115100338483e-01
1.819874316619021215e-01
1.829409025770286357e-01
1.829409025720103443e-01
1.813852390533361447e-01
1.835430927768266773e-01
1.857511327028837089e-01
1.857360777980935074e-01
1.846972953543612739e-01
1.853998531919393011e-01
1.852342492442653199e-01
1.844313261726568953e-01
1.845316926010346636e-01
1.850335199655337715e-01
1.850837013907106476e-01
1.847826056886196222e-01
1.882452110425650582e-01
1.895499602793068172e-01
1.886968557925581269e-01
1.891986819576915169e-01
1.896001416994654853e-01
1.867397301434151891e-01
1.858364418377764504e-01
1.827752998186837063e-01
1.804167156271325734e-01
1.821229257999956996e-01
1.812196375043935159e-01
1.794130609081708849e-01
1.778573973894967131e-01
1.781584942859351095e-01
1.785097726075504376e-01
1.783592247539957931e-01
1.775061190728996763e-01
1.766530133918035039e-01
1.767533786258338457e-01
1.739431496893078244e-01
1.742442453913988498e-01
1.765024655432671230e-01
1.741438801573685080e-01
1.675197699540497132e-01
1.617236747167294653e-01
1.578596096260284076e-01
1.564043125407502122e-01
1.528413443464875510e-01
1.512354994076547665e-01
1.474216157421305573e-01
1.493285575723835301e-01
1.493285575723835301e-01
1.493285575723835024e-01
1.493285575723835301e-01
1.513358646416851083e-01
1.528915281553409888e-01
1.529918933893713584e-01
1.525402486443965533e-01
1.527911629213106470e-01
1.554508428149528887e-01
1.559526689851045977e-01
1.556766639930928786e-01
1.562788553922566104e-01
1.572323263073830968e-01
1.569563225147370955e-01
1.572574182168280932e-01
1.579599748500221668e-01
1.577090605680897817e-01
1.580854295997843606e-01
1.587378048128198493e-01
1.589887179004048634e-01
1.598669142915803143e-01
1.606196535493169542e-01
1.608203852067067730e-01
1.608705678262310756e-01
1.616985804135713523e-01
1.602432845176223475e-01
1.615731244594251492e-01
1.618491282570894696e-01
1.623509556215885774e-01
1.616483989883944761e-01
1.647597236270114951e-01
1.603687404667502592e-01
1.666164828477766646e-01
1.729896823572236453e-01
1.732907780593146707e-01
1.679714158883536534e-01
1.668172157045322013e-01
1.637560712917263683e-01
1.612469380572913724e-01
1.618491294614734233e-01
1.639818936692320483e-01
1.614225754165413973e-01
1.627022339381856142e-01
1.627775084671549133e-01
1.630786041692458832e-01
1.635553396242999946e-01
1.626771420387771450e-01
1.633796998613003815e-01
1.629029644062462701e-01
1.620247680150708192e-01
1.621502251535278938e-01
1.584367091157471430e-01
1.596410931134403244e-01
1.596410931134403521e-01
1.585119836346798872e-01
1.570315946399567231e-01
1.563541287168419558e-01
1.529918910006764776e-01
1.531926214687371890e-01
1.531675319530053092e-01
1.517624174822331806e-01
1.515616870141724970e-01
1.502569353937541208e-01
1.450881210763478035e-01
1.417258809664692365e-01
1.423280735549621590e-01
1.371090754236840847e-01
1.344493931463653091e-01
1.328435482125508160e-01
1.320406275396737994e-01
1.314384361354917763e-01
1.325424549041729072e-01
1.318499340712496470e-01
1.315488383691586494e-01
1.317997514517253721e-01
1.322012123878466838e-01
1.278353205398567727e-01
1.225410496761488027e-01
1.158165718450865217e-01
1.088913641431373119e-01
1.015496397070250745e-01
9.283291060972116704e-02
7.875165552033708272e-02
7.433558105282285500e-02
6.564394356386792084e-02
5.555722830769967840e-02
