2.039022054313809618e-01
2.044040315965144072e-01
2.023967245171762741e-01
2.008912460318126036e-01
2.003894174679478057e-01
2.194588286144294464e-01
2.020956288301400949e-01
1.998875913028143880e-01
2.139387335917312116e-01
2.119314265224296057e-01
2.028985483136879209e-01
1.828254824382080646e-01
1.873419251206029090e-01
1.873419251206029090e-01
1.938656700949096534e-01
1.938656700949096534e-01
1.948693224352130160e-01
1.963748009406497685e-01
1.948693224352130160e-01
1.911558063924140016e-01
1.882452098331628410e-01
1.855353485293985416e-01
1.848327894974730878e-01
1.908547106953412398e-01
1.839295023962183306e-01
1.932634786907276581e-01
1.828254848269028898e-01
1.831265805239756517e-01
1.853346180513013586e-01
1.816210996198074634e-01
1.841302328542424593e-01
1.818218300878681470e-01
1.798145230286031238e-01
1.825243867411353305e-01
1.801156187357123850e-01
1.791119640067141694e-01
1.791119640067141694e-01
1.794130597037869312e-01
1.796137901718476149e-01
1.771046569374126189e-01
1.738929670697835494e-01
1.731904104365894759e-01
1.721867580962861133e-01
1.714842014630920397e-01
1.694768944038269887e-01
1.636557060727508728e-01
1.638062551106163889e-01
1.589887190997705257e-01
1.581857972275278190e-01
1.576839710523578741e-01
1.579850667594671909e-01
1.585872605523440393e-01
1.587879910204047229e-01
1.569814144191638283e-01
1.540206364397540273e-01
1.474968914654472829e-01
1.433819121078685754e-01
1.389658370431806900e-01
1.354530490797475062e-01
1.324420896701425376e-01
1.310369740050229825e-01
1.331446439146417859e-01
1.357541423780888323e-01
1.368581599474042454e-01
1.363563337722343005e-01
1.352523138142240622e-01
1.341482962449086214e-01
1.314384349311077949e-01
1.332450115423852444e-01
1.306355130789381702e-01
1.285278407705880144e-01
1.356537771490767541e-01
1.370588928041597820e-01
1.379621799154510664e-01
1.375607165906348739e-01
1.362559685432222500e-01
1.362559685432222500e-01
1.362559685432222500e-01
1.367577947183921949e-01
1.371592556545135622e-01
1.361556033142101996e-01
1.367577947183921949e-01
1.354530442822847458e-01
1.335461048407265983e-01
1.321409915743384234e-01
1.316391653991685062e-01
1.315388001701564280e-01
1.337669069294019908e-01
1.282468166840934898e-01
1.306355130689016708e-01
1.275241884302846795e-01
1.326428177394718688e-01
1.304548542114191689e-01
1.344694659613274723e-01
1.313581413227104810e-01
1.308362435369623267e-01
1.311373392340350608e-01
1.300333192760247947e-01
1.285278407705880144e-01
1.291300345634648628e-01
1.375607189893662541e-01
1.436830030275516590e-01
1.452888491506953705e-01
1.505078508650156965e-01
1.797141601882858986e-01
1.942671310410675201e-01
1.818218277092098489e-01
1.762013698361578340e-01
1.762013698361578340e-01
1.791119663853724953e-01
1.798145230185665966e-01
1.790116011563603893e-01
1.840298676252304089e-01
1.807178125185527062e-01
1.822232934227208945e-01
1.838291395559011054e-01
1.842306004920224449e-01
1.826247543588422617e-01
1.769039288680832878e-01
1.765024655432671230e-01
1.767031960113278066e-01
1.768035612403398849e-01
1.765024655432671230e-01
1.765024655432671230e-01
1.769039264793884625e-01
1.780079464373987841e-01
1.820225629646967380e-01
1.837287743268890550e-01
1.846320614281438122e-01
1.848327918962044958e-01
1.848327918962044958e-01
1.831265805340121788e-01
1.848327918962044680e-01
1.855353485293985971e-01
1.836585165087260274e-01
1.844614383809687064e-01
1.801457261565979628e-01
1.810490156465476008e-01
1.822232910340260137e-01
1.831265781352807986e-01
1.816210996198074634e-01
1.815508418016444636e-01
1.836585117212997942e-01
1.878437512957728817e-01
1.879441165348214593e-01
1.874422879709567169e-01
1.860371723058371340e-01
1.860371723058371340e-01
1.846320566407175789e-01
1.860371723058371340e-01
1.853346156726430605e-01
1.860371723058371340e-01
1.860371723058371340e-01
1.873419227419446109e-01
1.881448446141872621e-01
1.874422879809931886e-01
1.878437489171145280e-01
1.887470384070641660e-01
1.893492298012096064e-01
1.852342528323257798e-01
1.777068507302894673e-01
1.782086768954228850e-01
1.822232886453311884e-01
1.798145230386396509e-01
1.779075788196918528e-01
1.792123292457628025e-01
1.792123292457627748e-01
1.744951584739655726e-01
1.791119616180193441e-01
1.751977151071596461e-01
1.779075788096553257e-01
1.748966194100869120e-01
1.738929670697835494e-01
1.766028307722792012e-01
1.766028307722792012e-01
1.741940651655876915e-01
1.660644740681372078e-01
1.587378048328929592e-01
1.587879886417463970e-01
1.578847015304551127e-01
1.551748354392646079e-01
1.452386701192316110e-01
1.459914105713156773e-01
1.490023699708840910e-01
1.471957957583379939e-01
1.477979871725565442e-01
1.477979871725565442e-01
1.518126012910866462e-01
1.554257520948370275e-01
1.536191755036326601e-01
1.489020071305668103e-01
1.557268478019463165e-01
1.566803187120545393e-01
1.561784925368845667e-01
1.566301348931645465e-01
1.565799510843110809e-01
1.559275782700069723e-01
1.571821448972610114e-01
1.592898147968432598e-01
1.600927366590494394e-01
1.600425528501959738e-01
1.596912757229280722e-01
1.602934671271101230e-01
1.582359762589916341e-01
1.597414571531232397e-01
1.607451094934266023e-01
1.612469356685965749e-01
1.626018675248626366e-01
1.613473008976086254e-01
1.622004065686682150e-01
1.632040612976664307e-01
1.626018699035209625e-01
1.619996785093754665e-01
1.625516861047040240e-01
1.678710482706467777e-01
1.595407266950990832e-01
1.636557060627143179e-01
1.663655721438682678e-01
1.692761663244611581e-01
1.707816448298979106e-01
1.664659350042585750e-01
1.636557060526777629e-01
1.595407266850625838e-01
1.645589931639690751e-01
1.642578974668963410e-01
1.608956561425972931e-01
1.621502251485096302e-01
1.622004089673996230e-01
1.645088117337739353e-01
1.651110031379559862e-01
1.622004065686682150e-01
1.645088093350425551e-01
1.626018675047895823e-01
1.639066179308605598e-01
1.645589931438959930e-01
1.615480337543641065e-01
1.602934695258414755e-01
1.580854319884792414e-01
1.575836058133092965e-01
1.564294020364090099e-01
1.540206340510591743e-01
1.550242887800573899e-01
1.523144274662565911e-01
1.504074856360036183e-01
1.479987176305807006e-01
1.491027375885909945e-01
1.454895843961457047e-01
1.430808163907227870e-01
1.334457420004093731e-01
1.413746026398356725e-01
1.336464700797751759e-01
1.336464700797752314e-01
1.329439134566176295e-01
1.271227274941633123e-01
1.329439182239708084e-01
1.339475705642741710e-01
1.339475705642741710e-01
1.348709292861436648e-01
1.348709292861436648e-01
1.351720249832164267e-01
1.273435283884913061e-01
1.175579085333180868e-01
1.030049353018781116e-01
8.212894874850297511e-02
6.684330847209654647e-02
5.772010142676901184e-02
3.638243192941686271e-02
2.870448438259380966e-02
2.627564357224527677e-02
2.085591556506198249e-02
