2.045970416662035440e-01
2.034389801733874070e-01
2.032073680879074862e-01
2.015860824472927582e-01
2.094608997136835626e-01
2.099241227682721034e-01
2.030683997498946014e-01
2.089976744541459375e-01
2.062183262043437715e-01
2.025588509652277436e-01
1.983898280485517918e-01
1.988067319925414800e-01
1.993625998785426567e-01
1.935722935123042610e-01
1.909782360324340511e-01
1.905613342980256586e-01
1.944987429289049552e-01
1.944987429289049552e-01
1.938965515270390516e-01
1.899591417890529599e-01
1.872261170597477598e-01
1.957957716711561380e-01
1.836129642386542526e-01
1.863459900611695308e-01
1.790270417832544037e-01
1.844930912279680590e-01
1.808799395093490525e-01
1.812505199374740694e-01
1.833813532602811269e-01
1.850026389055280940e-01
1.860217331489091852e-01
1.849563164875056565e-01
1.838445763102374286e-01
1.846783819979000707e-01
1.820380010021651895e-01
1.801851021735959568e-01
1.803703918364212011e-01
1.798608441634934052e-01
1.793512975930401376e-01
1.777763332587087852e-01
1.766645941792828189e-01
1.743021487802603464e-01
1.736536349603719775e-01
1.721713165599278450e-01
1.695772579775831346e-01
1.688824217443046505e-01
1.674232651017928120e-01
1.660335915281289931e-01
1.651997880454154355e-01
1.643659845627018501e-01
1.614939925932260822e-01
1.608454787779700079e-01
1.603822546209069388e-01
1.593631603728935808e-01
1.558889758944451420e-01
1.532022735831623794e-01
1.504229253379924525e-01
1.484310603624627578e-01
1.466244839472837236e-01
1.448873917080595042e-01
1.435903618679660043e-01
1.416448182079841911e-01
1.403014659498682815e-01
1.386338567794920540e-01
1.388654688557074968e-01
1.385875343614696442e-01
1.386801791975144915e-01
1.384485671166668375e-01
1.405330780260836965e-01
1.400235314556304289e-01
1.352059947144338137e-01
1.345574797920709720e-01
1.366419895990132749e-01
1.390507574160581850e-01
1.391897246608609917e-01
1.397455936493366968e-01
1.388191442327359748e-01
1.384485649070854862e-01
1.373831482456819852e-01
1.374294706590721837e-01
1.366419884919064798e-01
1.359471522586279402e-01
1.361324419214531845e-01
1.340479321145108815e-01
1.325656137140666935e-01
1.332141286364295629e-01
1.320560671436134259e-01
1.316947516428620679e-01
1.318337188876648469e-01
1.313704947306018056e-01
1.308146257467583395e-01
1.307683033333681133e-01
1.309535929915611463e-01
1.314168171532564822e-01
1.291006952700987087e-01
1.311388826590186296e-01
1.290080504386861004e-01
1.287671745422038216e-01
1.288134969555939924e-01
1.297028877790713797e-01
1.359564183023729000e-01
1.384485649070854862e-01
1.437293268985552486e-01
1.536886572885765301e-01
1.751822790769977933e-01
1.839835435643047135e-01
1.825938699906408946e-01
1.794902648332106776e-01
1.778689791833314715e-01
1.794902648332107054e-01
1.829181268936367066e-01
1.799998114036639452e-01
1.823159365988775704e-01
1.786564624576039151e-01
1.785174963152756644e-01
1.806020061175857561e-01
1.829181291032180023e-01
1.819453572732271374e-01
1.809725843407616885e-01
1.787954286045644603e-01
1.778689791925959773e-01
1.781469136868338299e-01
1.796292331897525463e-01
1.791660079348471046e-01
1.798608463730747287e-01
1.831034187706755134e-01
1.831960636020881217e-01
1.817600676150341044e-01
1.827328394450250248e-01
1.823622590169000357e-01
1.832887073263939903e-01
1.816674216811469678e-01
1.831960624949813543e-01
1.832887073263940181e-01
1.833026041615849200e-01
1.828857013200697601e-01
1.821908639843166922e-01
1.795968065044465378e-01
1.820055743214914479e-01
1.831173145033919702e-01
1.823761547449841980e-01
1.816349949865764812e-01
1.836268599621062036e-01
1.855724047291947842e-01
1.852805733997659465e-01
1.846922777259842607e-01
1.849702122248543801e-01
1.850026367052113041e-01
1.844467677121033045e-01
1.845394136459904966e-01
1.848173481402283769e-01
1.848636694557762583e-01
1.847710257268381506e-01
1.885231458112634761e-01
1.896348848906894147e-01
1.894032728144739997e-01
1.898664969669048574e-01
1.895885613701925043e-01
1.869481814722999402e-01
1.838908987282598384e-01
1.829181280007434462e-01
1.800924584446579324e-01
1.821769682516002353e-01
1.811115515901967066e-01
1.791196855168247226e-01
1.783785257584170059e-01
1.789807182673896491e-01
1.774983987644709604e-01
1.791660079302148934e-01
1.781005912688113924e-01
1.766182717658926482e-01
1.767572390106954550e-01
1.747190505193009780e-01
1.749969850135388583e-01
1.771741418568429094e-01
1.745800832698659599e-01
1.668442343600169964e-01
1.617719270920962016e-01
1.576029063757370396e-01
1.562595552200956306e-01
1.532022735831623794e-01
1.514420195813735437e-01
1.479678350982928658e-01
1.500523460077097249e-01
1.500523460077097249e-01
1.479678350982928658e-01
1.500523460077097526e-01
1.514420195813735437e-01
1.529706615023146976e-01
1.531096298495920605e-01
1.527853718394894811e-01
1.532485970990271062e-01
1.555647189821848797e-01
1.555183954663201529e-01
1.561437486261184060e-01
1.554952337037555088e-01
1.565143279471366278e-01
1.566764569545040509e-01
1.574176167082795286e-01
1.578345184473201601e-01
1.576029052639979777e-01
1.579503228317160612e-01
1.588767722436845442e-01
1.588767722483168110e-01
1.594558029900926543e-01
1.601506392280033775e-01
1.606138644829087636e-01
1.598727047337655249e-01
1.611465717180843860e-01
1.606138644875410304e-01
1.613550231342097130e-01
1.618645697046630083e-01
1.621425041989008886e-01
1.614708297281869376e-01
1.643428217022949722e-01
1.627446967125057986e-01
1.671684923701195757e-01
1.722639635916572987e-01
1.733293802576930664e-01
1.684191997921906103e-01
1.657788198989303130e-01
1.633700509794108191e-01
1.623509567313974888e-01
1.626288912256353414e-01
1.636479854736486994e-01
1.612160547869323779e-01
1.623972780376808922e-01
1.627910191258959971e-01
1.628141797813537905e-01
1.634163722856942225e-01
1.623277938663583442e-01
1.626520507693541007e-01
1.626288901138963072e-01
1.622583107928780854e-01
1.621656659568332381e-01
1.585061929226663502e-01
1.597105768288726579e-01
1.592473526718096166e-01
1.582050977683384096e-01
1.573018090071954811e-01
1.564448437711818407e-01
1.533412397254906301e-01
1.534802069702934646e-01
1.535728529041806290e-01
1.522063410930814265e-01
1.519284065988435739e-01
1.511409222267287855e-01
1.463697090106614307e-01
1.412742366773846459e-01
1.431271355013216118e-01
1.386801791928822525e-01
1.335847068596054954e-01
1.327972257949144030e-01
1.336773539005994826e-01
1.316854889250697602e-01
1.327045831730830905e-01
1.314168193582055388e-01
1.317873986792237884e-01
1.316021090163985441e-01
1.323432676676994935e-01
1.279426343285198497e-01
1.234725168087531522e-01
1.166167926879011357e-01
1.104559053469326563e-01
1.033083496187170575e-01
9.526213814428269311e-02
8.569191748589646829e-02
8.161554105434487560e-02
7.062785425901971226e-02
6.164129708403089103e-02
