2.023967269259442092e-01
2.039022054213444624e-01
2.008912484004343746e-01
2.023967269259442092e-01
2.069131624422545501e-01
2.505720750005994146e-01
1.999879541431315855e-01
2.023967269259442092e-01
2.550885176829943424e-01
2.475611179796893546e-01
1.813200063114295824e-01
1.888474060147345424e-01
1.888474060147345424e-01
1.873419203532497579e-01
1.843309633323396701e-01
1.963748057180395024e-01
1.963747985519549433e-01
1.963748057180395024e-01
1.963748057180395024e-01
2.084186409376547755e-01
1.762013722248527148e-01
1.731904152039426270e-01
1.843309633323396701e-01
1.843309633323396701e-01
1.993857627389495901e-01
1.855353461407037163e-01
1.909550759444264001e-01
1.888474060147345424e-01
1.888474060147345424e-01
1.846320590193758771e-01
1.816211019984657893e-01
1.804167120541268210e-01
1.774057550332167332e-01
1.837287719582672563e-01
1.843309633323396701e-01
1.789112335286169864e-01
1.786101378415807794e-01
1.786101378415807794e-01
1.786101378415807794e-01
1.786101378415807794e-01
1.786101378415807794e-01
1.762013722549623240e-01
1.752980851336344847e-01
1.743947980424162547e-01
1.557268430446297203e-01
1.563290344488117434e-01
1.603938371535849339e-01
1.622004113360213662e-01
1.603938371535849339e-01
1.582861672238930484e-01
1.575334244232602932e-01
1.569312330190782701e-01
1.566301373019324816e-01
1.518125989023917932e-01
1.469950605329607141e-01
1.352523210003816478e-01
1.229073828975360272e-01
1.247139571100820965e-01
1.316391654092050056e-01
1.373599908999638963e-01
1.385643737083279425e-01
1.373599837338793650e-01
1.373599837338793650e-01
1.373599837338793650e-01
1.346501224000054842e-01
1.358545052083695304e-01
1.334457395916414657e-01
1.334457395916414657e-01
1.283271126711491017e-01
1.229073828975360272e-01
1.319402611263508218e-01
1.319402611263508218e-01
1.319402611263508218e-01
1.421775221334200534e-01
1.322413568133870287e-01
1.433819049116744904e-01
1.433819049116744904e-01
1.433819049116744904e-01
1.433819049116744904e-01
1.433819049116744904e-01
1.433819049116744904e-01
1.409731393250560350e-01
1.301336797176106397e-01
1.307358782878771664e-01
1.238106699887542572e-01
1.412742350120922141e-01
1.418764264162742650e-01
1.292906146543211787e-01
1.247139571100820965e-01
1.256172442013003265e-01
1.295314954795131479e-01
1.382632708250976228e-01
1.316391654092050056e-01
1.319402611263508218e-01
1.322413568133870565e-01
1.295314955096227294e-01
1.328435482175690519e-01
1.292303997924769410e-01
1.331446439046052588e-01
1.298325911966589641e-01
1.373599908999638963e-01
1.485005390283609672e-01
1.475972519371427372e-01
1.451884863204146725e-01
1.906539802272805839e-01
1.834276762411214401e-01
1.792123292457627748e-01
1.774057550332167332e-01
1.777068507202529402e-01
1.771046593160709171e-01
1.795134249327990095e-01
1.771046593160709171e-01
1.792123292156531933e-01
1.819221977156116055e-01
1.864386404281160869e-01
1.837287719281576470e-01
1.804167192202113523e-01
1.765024679419985032e-01
1.813200063415391916e-01
1.765024679419985032e-01
1.789112335286169864e-01
1.789112335286169864e-01
1.789112335286169864e-01
1.740936951591858795e-01
1.740936951591858795e-01
1.740936951591858795e-01
1.858364490239340361e-01
1.858364490239340361e-01
1.885463103276983354e-01
1.885463103276983354e-01
1.885463103276983354e-01
1.828254848369394447e-01
1.885463103276983354e-01
1.885463103276983354e-01
1.850234841652629580e-01
1.838190941908143805e-01
1.834276690750369088e-01
1.843309633323396701e-01
1.837287719281576470e-01
1.840298676151938817e-01
1.834276762110118308e-01
1.777068507202529679e-01
1.838190941908143805e-01
1.900517888230985608e-01
1.867397289490677348e-01
1.837287647620731434e-01
1.870408246361039695e-01
1.900517888230985608e-01
1.867397289490677348e-01
1.837287647620731434e-01
1.810189034583088441e-01
1.864386332319219464e-01
1.867397289490677348e-01
1.867397289490677348e-01
1.864386332620315279e-01
1.864386332620315279e-01
1.903528845402443770e-01
1.918583630356446301e-01
1.918583630356446024e-01
1.897506931360623539e-01
1.807178077411630557e-01
1.828254776407453042e-01
1.813199991453450233e-01
1.777068507503625494e-01
1.792123292457628025e-01
1.743947908462221141e-01
1.740936951591858795e-01
1.731904080378580957e-01
1.807178077411630279e-01
1.807178077411630279e-01
1.807178077411630279e-01
1.807178077411630279e-01
1.731904080378580957e-01
1.771046593461805263e-01
1.801156163369810326e-01
1.704805467340938241e-01
1.783090421545445725e-01
1.596410943228425416e-01
1.563290344488117434e-01
1.563290344488117434e-01
1.549741073498622224e-01
1.352523210003816478e-01
1.301336868836951710e-01
1.352523210003816478e-01
1.352523210003816478e-01
1.352523210003816478e-01
1.403709550869585154e-01
1.409731464911405385e-01
1.551246587764226192e-01
1.545224673722405684e-01
1.554257544935684077e-01
1.569312330190782701e-01
1.590389028885509370e-01
1.584367114843688862e-01
1.545224673722405684e-01
1.545224673722405684e-01
1.554257544935684077e-01
1.563290344488117434e-01
1.579850643707723379e-01
1.622004113360213662e-01
1.581356157973326793e-01
1.609960213916824256e-01
1.609960213916824256e-01
1.588883514619905679e-01
1.628025955741188857e-01
1.590388957525760150e-01
1.650608169303711126e-01
1.594905428962822003e-01
1.567806743963237881e-01
1.628025955741188857e-01
1.650608169303711126e-01
1.646091769828590679e-01
1.632542427479346525e-01
1.632542427479346525e-01
1.632542427479346525e-01
1.602432857270245647e-01
1.554257473274838763e-01
1.725882237997606039e-01
1.590389029186605185e-01
1.617487642224248179e-01
1.783090421545445725e-01
1.626520513136430479e-01
1.545224602362656741e-01
1.752980851336344847e-01
1.605443814140607994e-01
1.566301301358479503e-01
1.638564341220070941e-01
1.594905428962822003e-01
1.698783553299117732e-01
1.653619198136014601e-01
1.606949256745366095e-01
1.644586255261890895e-01
1.647597212132253242e-01
1.647597212132253242e-01
1.677706854002199433e-01
1.591894471791363841e-01
1.640069855485674355e-01
1.588883586280750992e-01
1.518125989023917932e-01
1.551246516103380602e-01
1.527158860237196325e-01
1.578345201102965001e-01
1.590389029186605463e-01
1.566301373019324816e-01
1.352523210003816478e-01
1.352523210003816478e-01
1.400698593698127270e-01
1.394676679656306761e-01
1.331446439046052588e-01
1.331446439046052588e-01
1.343490267129693050e-01
1.346501224301150934e-01
1.319402611263508218e-01
1.253161556803486232e-01
1.253161556803486232e-01
1.277249212970766878e-01
1.491027304325429903e-01
1.491027304325429903e-01
1.491027304325429903e-01
1.497049218367250412e-01
1.039383357957555654e-01
7.397928482605384271e-02
5.561242912845537623e-02
4.341804248227972007e-02
4.122004134738029707e-02
3.047091297525208672e-02
1.231482531241492526e-02
1.222449769024961871e-02
2.529206405694059759e-02
1.987233602968424204e-02
