2.033000140292062774e-01
2.051065882357304138e-01
2.008912455340005343e-01
2.008912455580882384e-01
1.996868598712465415e-01
2.219679618488644424e-01
2.023365049160812390e-01
1.990846684730864513e-01
2.189569991011086070e-01
2.159460392197866396e-01
2.039022025609325550e-01
1.798145235103567052e-01
1.834276776562726030e-01
1.906539802272805839e-01
1.906539802272805839e-01
1.942671315067626692e-01
1.942671315067626692e-01
1.966758971234907338e-01
1.948693229169665975e-01
1.972780913880846365e-01
1.922196778721319277e-01
1.812597857468273566e-01
1.896904711141555455e-01
1.906539802272805839e-01
1.841503073412910363e-01
1.947488846301082821e-01
1.872817055094713190e-01
1.861977609759217778e-01
1.854751284244695320e-01
1.847524987394510987e-01
1.837889896263260603e-01
1.810189063066768855e-01
1.775261933020093053e-01
1.828254834037225107e-01
1.807780297570479033e-01
1.813802211552080490e-01
1.765626842009280772e-01
1.799349589187373699e-01
1.794532057953917847e-01
1.763218076392552847e-01
1.755991779542368791e-01
1.747561099944039964e-01
1.742743568710583557e-01
1.670480543120942130e-01
1.646392858409761739e-01
1.641575327176305610e-01
1.583162718004252345e-01
1.589184631985852969e-01
1.583162717883813408e-01
1.584367129296296306e-01
1.587980277781607941e-01
1.578345215435133786e-01
1.587980277781607941e-01
1.571118889800173224e-01
1.523545726084053753e-01
1.458508997224157999e-01
1.411538010549941990e-01
1.354931961288375619e-01
1.310369740110449155e-01
1.297121529158225539e-01
1.323617950942234112e-01
1.354931932503598835e-01
1.372997674568840198e-01
1.371793291700256767e-01
1.357340669335550254e-01
1.347705606868638273e-01
1.335661778905436470e-01
1.328435482055251859e-01
1.356136344036520391e-01
1.311574122979032309e-01
1.293508352129014438e-01
1.321209185325506186e-01
1.380224000083362657e-01
1.376610823054151278e-01
1.375406440185568402e-01
1.365771377718655866e-01
1.365771377718655866e-01
1.365771377718655866e-01
1.365771377718655866e-01
1.370588908952112273e-01
1.368180143335384069e-01
1.379019588550441378e-01
1.358545052204133685e-01
1.295917117625304260e-01
1.279055758428646050e-01
1.312778505606738977e-01
1.332048659204901619e-01
1.331085107119356903e-01
1.290136063091080199e-01
1.260990016363404964e-01
1.274238227195190198e-01
1.324822333690379439e-01
1.316632513418988515e-01
1.355172791950975952e-01
1.317836896287571946e-01
1.301939060391681668e-01
1.304347826008409872e-01
1.313982888475322131e-01
1.295917146410080767e-01
1.280260169961567329e-01
1.391063445418858069e-01
1.448873877428569767e-01
1.469348413774877182e-01
1.497049275635707055e-01
1.847524987514949646e-01
1.911357333626700350e-01
1.828254805252448878e-01
1.760809310775824643e-01
1.778875081505404132e-01
1.795736469366400190e-01
1.802962766216584800e-01
1.795736469366400190e-01
1.800554000599856597e-01
1.799349617851711824e-01
1.833072393814580980e-01
1.849933781796015697e-01
1.829459245449708005e-01
1.818619771449874745e-01
1.787305789888509744e-01
1.757196162410951945e-01
1.759604928027679871e-01
1.786101378355588465e-01
1.764422459261136000e-01
1.764422459261136000e-01
1.770444373242737179e-01
1.782488229990715767e-01
1.802962795121799688e-01
1.848729399047870925e-01
1.859568844262928233e-01
1.859568844262928233e-01
1.836685542299892615e-01
1.824641685551913750e-01
1.836685542299892338e-01
1.859568844262928233e-01
1.852703836463370779e-01
1.840659979715392192e-01
1.803324055387650060e-01
1.821389826117229549e-01
1.823437302683330596e-01
1.839094279131844034e-01
1.821028536946164289e-01
1.811754763529878631e-01
1.837046802565742709e-01
1.872817055094713190e-01
1.882452117561625449e-01
1.867999495196919213e-01
1.853546872832212422e-01
1.851138107215484219e-01
1.851138107215484219e-01
1.851138107215484219e-01
1.851138107215484219e-01
1.851138107215484219e-01
1.851138107215484219e-01
1.865590729580190732e-01
1.887269620130743453e-01
1.870408260934085243e-01
1.887269648915519960e-01
1.882452117561625449e-01
1.910152950758116919e-01
1.845116221898221165e-01
1.792123292337189366e-01
1.817415359916953188e-01
1.819824125654119495e-01
1.788510144092755050e-01
1.772853138979903487e-01
1.780079435709649438e-01
1.782488229990715489e-01
1.733108477579333173e-01
1.781283818457794488e-01
1.742743540046245432e-01
1.775261904476193309e-01
1.768035607626008976e-01
1.727086563597732272e-01
1.759604928027679871e-01
1.758400545159096717e-01
1.734312889112254730e-01
1.677706839971126185e-01
1.587378043531466887e-01
1.586775866489563425e-01
1.575936421154068012e-01
1.554257501939177166e-01
1.418764307279687942e-01
1.439238843625995634e-01
1.463326528457614406e-01
1.457304614355575123e-01
1.458508997224157999e-01
1.477779150822320919e-01
1.497049304300045180e-01
1.550042176291523965e-01
1.551246559160107119e-01
1.477779150822320919e-01
1.572925478374997965e-01
1.584367129296296584e-01
1.550042176291523965e-01
1.562688210081405737e-01
1.562086004375164150e-01
1.564494798776668583e-01
1.577140804022651166e-01
1.585571483500541612e-01
1.595206545847015489e-01
1.594604340140774179e-01
1.591593397482142236e-01
1.598819694332326846e-01
1.572925421046321992e-01
1.592797751686387819e-01
1.604841579770028281e-01
1.617487613559910054e-01
1.619294202255173176e-01
1.600626254242813462e-01
1.621702967631024062e-01
1.634349001420906389e-01
1.626520527649256975e-01
1.634951207368024462e-01
1.627122704811598819e-01
1.693966022125880933e-01
1.598217488746523640e-01
1.640370944307722179e-01
1.650006035318533903e-01
1.684933165485648643e-01
1.699385759065578372e-01
1.701794524802744957e-01
1.637962178570555594e-01
1.587378043411028228e-01
1.642779709924450382e-01
1.588582426279611659e-01
1.611465699457870770e-01
1.619896407720538001e-01
1.627724910397402025e-01
1.643984092552156773e-01
1.654221360845749000e-01
1.627724881612625241e-01
1.630133647229353444e-01
1.631940235804178185e-01
1.648199417958933211e-01
1.656027920515358576e-01
1.612670110990791772e-01
1.612067933948888587e-01
1.601228488613393175e-01
1.581958335015230532e-01
1.547633382010457637e-01
1.522341314551132752e-01
1.551246530616207653e-01
1.578947392477037526e-01
1.556064090514001907e-01
1.464530911205759178e-01
1.472961619468426409e-01
1.430808163907228148e-01
1.401902947842152969e-01
1.292303969260431284e-01
1.385041531316818786e-01
1.345296841372348451e-01
1.345296841372348728e-01
1.320004802577361414e-01
1.263398781859694509e-01
1.346501281569608133e-01
1.346501281569608133e-01
1.358545109653248317e-01
1.358545109653248317e-01
1.366012265830371109e-01
1.373238562680555719e-01
1.269661541076942124e-01
1.149825337198135122e-01
9.751896584208555319e-02
7.294953510138098285e-02
5.422136598846829386e-02
4.365891831530023526e-02
2.955558218301272341e-02
2.630374574001793572e-02
2.230519081287707372e-02
1.776466361293951163e-02
