2.039022046351493811e-01
2.030658268903376973e-01
2.025640007185132707e-01
2.025640007218587890e-01
2.067458886463399426e-01
2.074149902098877118e-01
2.038018386065601761e-01
2.069131640380632853e-01
2.039022030393405904e-01
2.005901463435451892e-01
1.980810131091102211e-01
1.985828392775891571e-01
1.989843002137104966e-01
1.981813767490046008e-01
1.927281958567936271e-01
1.906539794310490032e-01
1.923936442804609070e-01
1.924940103123956303e-01
1.924940103123956303e-01
1.902190626223586589e-01
1.885463071327353191e-01
1.921594571469451840e-01
1.846655133162092011e-01
1.854349816978867471e-01
1.816545547061813315e-01
1.827585730750739268e-01
1.821898359543431545e-01
1.802159855605332262e-01
1.820894707186400951e-01
1.840967777845961550e-01
1.844647836410346076e-01
1.843978734850143797e-01
1.834945847879508596e-01
1.818552843780104344e-01
1.816545539099497786e-01
1.797810671526886284e-01
1.797476120763512875e-01
1.813534574132998900e-01
1.812196371046049526e-01
1.789112343382306680e-01
1.780748565934189842e-01
1.771381136162497316e-01
1.756660885946870754e-01
1.759671850913369640e-01
1.738595127930233075e-01
1.715176549503116266e-01
1.698616273969727752e-01
1.695605316932090323e-01
1.677205008118624052e-01
1.664826621309293819e-01
1.651444582176388176e-01
1.638397093840311125e-01
1.633044281358692895e-01
1.623342300790171500e-01
1.611298464777670414e-01
1.590556300520223898e-01
1.565799518972702531e-01
1.547399210159236260e-01
1.514947752723800889e-01
1.486176361781611222e-01
1.474132517806793774e-01
1.462757775358722867e-01
1.453390345553575713e-01
1.440008298424898525e-01
1.423448014929193650e-01
1.422109811808789370e-01
1.423782565726022520e-01
1.415084237481077367e-01
1.438000993744291689e-01
1.429971767093003721e-01
1.393672955805706493e-01
1.369250717025787822e-01
1.369585267789160676e-01
1.382298205361864873e-01
1.390327432013152842e-01
1.394007490577537367e-01
1.392000185896930531e-01
1.386312814689622808e-01
1.379287240395365710e-01
1.379287240395365710e-01
1.375941732594354594e-01
1.374268978710576627e-01
1.372261666067653985e-01
1.359883279258323752e-01
1.350181298689802911e-01
1.345497587768387238e-01
1.343155732324406715e-01
1.331178801680499568e-01
1.324822336875305928e-01
1.319804075190516290e-01
1.313782153186380253e-01
1.309432993061793171e-01
1.312109399302602286e-01
1.307760239211470110e-01
1.310771196215652912e-01
1.308429340738217483e-01
1.307091137617812648e-01
1.303411079086883584e-01
1.291032692311008256e-01
1.291032692311008256e-01
1.352255524764001127e-01
1.369919818552534918e-01
1.442851968070464896e-01
1.566468620465994721e-01
1.711663794088159607e-01
1.818887394576932937e-01
1.814203675693201179e-01
1.803832593564477782e-01
1.807512660091178669e-01
1.803832593564477782e-01
1.854684359813379979e-01
1.845316922079371091e-01
1.845316937970548354e-01
1.799148890638833376e-01
1.789446910070312535e-01
1.798479789078631097e-01
1.807512668053495031e-01
1.823571121389525596e-01
1.811861820249220933e-01
1.809519964805240688e-01
1.797476128792739325e-01
1.784428632460890729e-01
1.796137917676563223e-01
1.800487085796921571e-01
1.804167152357077641e-01
1.816880097892097368e-01
1.821229265979000811e-01
1.811861828211537018e-01
1.813869132892144131e-01
1.823236554701520018e-01
1.821229250054368642e-01
1.820894699257539773e-01
1.824909316581069529e-01
1.830931238551750662e-01
1.830697045824540570e-01
1.826013326974263995e-01
1.809620322874859466e-01
1.810623975198435154e-01
1.817649557521918424e-01
1.823336928729225870e-01
1.816311354368058961e-01
1.829693401429825783e-01
1.840733585118751181e-01
1.849766464127070298e-01
1.844748186484193864e-01
1.842740881837042211e-01
1.842740881837041933e-01
1.842740881837041933e-01
1.840298652365355558e-01
1.856357121659474030e-01
1.840399018397290143e-01
1.844982379211403400e-01
1.845986031568434549e-01
1.882117555630936356e-01
1.893826848842380395e-01
1.902859735846470224e-01
1.912896259216048944e-01
1.894830493270549809e-01
1.891484985402628605e-01
1.843644176124454026e-01
1.829927586228174419e-01
1.810189074294303591e-01
1.809519964771785228e-01
1.808516312448209540e-01
1.802159839714154721e-01
1.793796062266038438e-01
1.802494390444073502e-01
1.788777792585477810e-01
1.800821636560295258e-01
1.784094081697517042e-01
1.784094081697517042e-01
1.769708382245263889e-01
1.742609737291446470e-01
1.749635311619158751e-01
1.750973514706108125e-01
1.747628006938551914e-01
1.699118104129401507e-01
1.619327691462413565e-01
1.572825093300414812e-01
1.572825093300414534e-01
1.535689916947792222e-01
1.471790654367041706e-01
1.466103283126279078e-01
1.466103283126279078e-01
1.466103283126279355e-01
1.473128857453991358e-01
1.486510904549213086e-01
1.476474365255002474e-01
1.508256729126006834e-01
1.507253076768975963e-01
1.515282303453718837e-01
1.522642428578259988e-01
1.534351721789704026e-01
1.539369991436809193e-01
1.559944876331411379e-01
1.540206356435224189e-01
1.545224626082329911e-01
1.547231930762936469e-01
1.547901032323138470e-01
1.570315950464363508e-01
1.579014278675853478e-01
1.580519753196786559e-01
1.580352481796257758e-01
1.586876225964296561e-01
1.587545327524498839e-01
1.590221733765307677e-01
1.594403622489365957e-01
1.597080028730174794e-01
1.597080028763629977e-01
1.606447458535322503e-01
1.610796618659909307e-01
1.609458407577188666e-01
1.619829497634773241e-01
1.618324015151523798e-01
1.624011386392286704e-01
1.628025995786955282e-01
1.674863160670414797e-01
1.711831057593282135e-01
1.720863928672740073e-01
1.697110815373427117e-01
1.665663010261567434e-01
1.632207892473329647e-01
1.643080804761726521e-01
1.636389781230843388e-01
1.636891603394745598e-01
1.622673183271882147e-01
1.630702409923170115e-01
1.627691452918987869e-01
1.626185970435738148e-01
1.629364198873904934e-01
1.621669522985990097e-01
1.624178657792815228e-01
1.626018691039438080e-01
1.623007734035255833e-01
1.622338632475053555e-01
1.591392665485183433e-01
1.594738173286194549e-01
1.595407282775257729e-01
1.592061774974246890e-01
1.587378056090514855e-01
1.571486874188467719e-01
1.546730100603262714e-01
1.550911997256182451e-01
1.543719143565625285e-01
1.534351721756249121e-01
1.529835282268817154e-01
1.521136946095010822e-01
1.466270554560263062e-01
1.424451659357363897e-01
1.402705834780570149e-01
1.382632764121009272e-01
1.357541431743204408e-01
1.318398958739201432e-01
1.328435498100323242e-01
1.330442802747474340e-01
1.316124016659586671e-01
1.314451270738125066e-01
1.314451270738125066e-01
1.314451270738125066e-01
1.314451270738124788e-01
1.288356282089041238e-01
1.255402998441635110e-01
1.204885782989561782e-01
1.159052282406607404e-01
1.106427394234685835e-01
1.049988620803104511e-01
9.808703604925374242e-02
9.196475121483672910e-02
8.623723637822033883e-02
7.954621461711219865e-02
