8.600994240153919668e-01
8.965766971761529591e-01
9.217755469408902558e-01
9.186931631781838359e-01
9.262215766039761933e-01
9.049005616794932871e-01
8.986505703492597696e-01
9.155965935100208730e-01
9.285653396086259725e-01
9.285653396086259725e-01
9.266619248823686483e-01
9.516193108125166056e-01
9.558806636116721211e-01
9.690766876394097951e-01
9.650709954175081817e-01
9.632244001735340566e-01
9.468181566758588907e-01
9.519459984519265117e-01
9.409232789819891307e-01
9.275994192470203847e-01
9.057528322393243458e-01
9.045880599455400350e-01
8.762926188382235138e-01
8.457244526256214590e-01
8.561363870447332713e-01
8.640625151720914277e-01
8.629261580380526153e-01
8.500426140698519317e-01
8.638778383081610057e-01
8.682528409090909394e-01
8.633664738048206777e-01
8.667613701386884806e-01
8.676136298613115194e-01
8.637215766039761933e-01
8.446306748823686483e-01
8.450852199034257772e-01
8.172301054000854492e-01
8.064346530220725118e-01
8.179971521550958302e-01
8.047301119024102833e-01
8.186789751052856445e-01
8.377272757616910370e-01
8.390198837627064199e-01
8.399005694822831991e-01
8.246306831186468456e-01
8.054971478202126445e-01
8.052982850508256796e-01
8.088920224796641856e-01
8.240482807159423828e-01
8.239772644909945098e-01
8.284943212162364512e-01
8.270738666707818654e-01
8.187642097473144531e-01
8.077130751176313517e-01
8.030255599455400350e-01
8.055539564652876017e-01
8.104261159896850586e-01
8.028693199157714844e-01
8.082244396209716797e-01
8.073721690611406210e-01
8.074289777062155782e-01
8.075568134134466503e-01
8.027840852737426758e-01
8.097727081992409648e-01
8.223153135993264140e-01
8.254261233589865743e-01
8.292613679712469432e-01
8.429119478572498769e-01
8.499574119394476268e-01
8.290767127817327831e-01
8.354829658161510020e-01
8.606960231607611034e-01
8.648437478325583516e-01
8.533380681818182323e-01
8.538494326851584493e-01
8.445738662372935801e-01
8.346874930641867696e-01
8.398295424201271953e-01
8.457670428536154805e-01
8.143323768268931895e-01
7.684232971884987773e-01
7.409375147386030314e-01
7.358664816076104787e-01
7.358664816076104787e-01
6.831960298798300801e-01
6.696164770559831503e-01
6.758096543225374786e-01
6.652698787775906952e-01
6.682812408967451212e-01
6.743465770374644785e-01
6.863778396086259725e-01
6.796164729378439961e-01
6.962215900421142578e-01
6.893750158223238556e-01
6.847443201325156270e-01
6.794034080071882364e-01
6.859943053939125956e-01
6.834232915531505137e-01
6.893891963091763886e-01
6.796732870015230743e-01
6.704545454545454142e-01
6.816477233713323924e-01
6.889204491268504649e-01
6.917045441540804473e-01
6.997017047621987285e-01
7.105397744612260702e-01
7.208948893980546835e-01
7.307244322516701640e-01
7.307244322516701640e-01
7.362642071463845195e-01
7.393323833292181346e-01
7.396874969655816701e-01
7.477982911196622284e-01
7.405965870076959279e-01
7.414488684047352285e-01
7.184233069419860840e-01
7.271022742444818165e-01
7.276420484889637441e-01
7.158806811679493398e-01
7.204829508608038280e-01
7.002982984889637441e-01
6.745454506440595743e-01
6.769744266163219004e-01
6.858380545269359141e-01
6.839204322208057851e-01
6.758948889645662872e-01
6.693892099640585958e-01
6.531960205598310587e-01
6.554829532449896190e-01
6.589488603852011739e-01
6.618892008608038280e-01
6.834517121315002441e-01
6.812642162496392872e-01
6.819034164602105763e-01
6.785227277062155782e-01
6.783948865803804962e-01
6.815625049851157247e-01
6.919175982475280762e-01
6.984943043101917715e-01
7.030823772603814747e-01
7.036079601808027384e-01
7.084090926430441915e-01
7.103835235942493886e-01
7.176846590909090606e-01
7.119744311679493398e-01
6.711647781458768280e-01
6.696022803133184764e-01
6.958380720832131328e-01
7.588494365865533497e-01
7.721590887416492910e-01
7.721590887416492910e-01
7.730823863636363535e-01
7.814772779291326854e-01
7.848863710056651621e-01
7.849005677483298360e-01
7.822443138469349355e-01
7.822443138469349355e-01
7.822443138469349355e-01
7.822443138469349355e-01
7.861221595243974569e-01
7.826988588679920644e-01
7.813494313846934824e-01
7.798437530344183299e-01
7.333664731545881388e-01
7.266903411258350820e-01
7.205539670857515899e-01
7.227556759660894725e-01
7.227556759660894725e-01
7.188920378684997559e-01
7.188920378684997559e-01
7.155539718541231720e-01
7.197159041057933360e-01
7.200426134196195038e-01
7.361079454421997070e-01
7.362073768268931895e-01
7.356391928412697734e-01
7.500710270621560039e-01
7.608948837627064199e-01
7.573011354966596720e-01
7.593892054124311564e-01
7.633380673148415507e-01
7.615198872306130351e-01
7.568892023780129374e-01
7.491903413425792246e-01
7.508664781397039745e-01
7.556249986995350332e-01
7.603693225167014180e-01
7.579403465444390919e-01
7.643608071587302266e-01
7.744460322640158711e-01
7.924005768515847148e-01
8.061221621253273906e-01
8.196164803071455118e-01
8.167897679589011251e-01
8.217187469655816701e-01
8.216761350631713867e-01
8.103835257616910370e-01
8.071022683923895213e-01
8.071022683923895213e-01
7.974857958880338105e-01
7.935085296630859375e-01
8.006818186153065176e-01
8.121164603666826132e-01
8.121164603666826132e-01
7.989488514986905487e-01
7.961505759846080332e-01
7.795312621376730977e-01
7.681960300965742228e-01
7.585227272727272929e-01
7.616335261951793223e-01
7.699005712162364512e-01
7.812784151597456095e-01
7.972869331186468456e-01
8.040340922095559062e-01
8.082670515233819630e-01
8.280255686153065176e-01
8.519744331186468456e-01
8.701846599578857422e-01
8.773295554247769745e-01
8.561221577904440938e-01
8.501420454545454142e-01
8.336079662496392872e-01
8.216903426430441915e-01
7.887358015233819630e-01
8.017329519445245412e-01
7.858238653703168985e-01
7.724716013128106740e-01
7.579971660267222910e-01
7.475142045454545858e-01
7.214204452254555644e-01
6.933948939496820119e-01
6.843749989162791758e-01
6.718039675192399862e-01
6.498295339671048554e-01
5.978266976096413554e-01
5.152698863636363535e-01
4.688494368032975479e-01
4.400710246779702128e-01
4.377698844129389033e-01
4.457386406985195948e-01
4.455113627693869649e-01
4.606818231669339014e-01
5.094176205721768769e-01
5.613494298674843730e-01
5.734517032449896190e-01
