8.612304702401161194e-01
8.984374925494194031e-01
9.069531187415122986e-01
9.086523354053497314e-01
9.157812446355819702e-01
9.101660028100013733e-01
8.922460898756980896e-01
9.199902266263961792e-01
9.307421818375587463e-01
9.363574087619781494e-01
9.415624886751174927e-01
9.451171755790710449e-01
9.597851410508155823e-01
9.702538847923278809e-01
9.693456813693046570e-01
9.693456813693046570e-01
9.573730230331420898e-01
9.398827925324440002e-01
9.342968538403511047e-01
9.279882684350013733e-01
9.169628843665122986e-01
9.125585928559303284e-01
8.863574340939521790e-01
8.590722829103469849e-01
8.513574376702308655e-01
8.638671934604644775e-01
8.630859479308128357e-01
8.533886745572090149e-01
8.633007779717445374e-01
8.611523434519767761e-01
8.591601550579071045e-01
8.606543019413948059e-01
8.661035150289535522e-01
8.607519418001174927e-01
8.538867160677909851e-01
8.524023368954658508e-01
8.193554580211639404e-01
8.140038996934890747e-01
8.154785111546516418e-01
8.100195229053497314e-01
8.278710916638374329e-01
8.322851583361625671e-01
8.359863236546516418e-01
8.392480462789535522e-01
8.220996037125587463e-01
8.071484267711639404e-01
8.080566301941871643e-01
8.092285022139549255e-01
8.245800659060478210e-01
8.266894444823265076e-01
8.279687464237213135e-01
8.291992247104644775e-01
8.200390636920928955e-01
7.951953113079071045e-01
8.002538979053497314e-01
8.065429627895355225e-01
8.078027218580245972e-01
8.068261593580245972e-01
8.104199171066284180e-01
8.144921883940696716e-01
8.093359321355819702e-01
8.052343726158142090e-01
8.015039041638374329e-01
8.087206929922103882e-01
8.236523270606994629e-01
8.229785040020942688e-01
8.353320360183715820e-01
8.448730632662773132e-01
8.506347835063934326e-01
8.339843899011611938e-01
8.415527418255805969e-01
8.494726642966270447e-01
8.526269495487213135e-01
8.603710904717445374e-01
8.560449257493019104e-01
8.454589843750000000e-01
8.389843702316284180e-01
8.336621075868606567e-01
8.418359383940696716e-01
8.189257681369781494e-01
7.742578126490116119e-01
7.596679776906967163e-01
7.556054741144180298e-01
7.482031323015689850e-01
6.835937500000000000e-01
6.706152297556400299e-01
6.748242154717445374e-01
6.654296815395355225e-01
6.682324111461639404e-01
6.727538965642452240e-01
6.825976520776748657e-01
6.831347681581974030e-01
6.899511702358722687e-01
6.855468824505805969e-01
6.809179745614528656e-01
6.787499934434890747e-01
6.879003867506980896e-01
6.818456985056400299e-01
6.840917877852916718e-01
6.811718717217445374e-01
6.744824238121509552e-01
6.782128885388374329e-01
6.838964745402336121e-01
6.935058608651161194e-01
7.045507766306400299e-01
7.114160135388374329e-01
7.179394587874412537e-01
7.212207019329071045e-01
7.272363305091857910e-01
7.304394543170928955e-01
7.369335964322090149e-01
7.369335964322090149e-01
7.436132803559303284e-01
7.400878891348838806e-01
7.407324239611625671e-01
7.302148453891277313e-01
7.306445278227329254e-01
7.289257757365703583e-01
7.227246128022670746e-01
7.198632769286632538e-01
6.999999918043613434e-01
6.736621037125587463e-01
6.764648407697677612e-01
6.801367066800594330e-01
6.853515505790710449e-01
6.766601540148258209e-01
6.690332032740116119e-01
6.566015593707561493e-01
6.601562500000000000e-01
6.574511751532554626e-01
6.683105453848838806e-01
6.815234459936618805e-01
6.826171986758708954e-01
6.816211007535457611e-01
6.727050803601741791e-01
6.746679693460464478e-01
6.828808598220348358e-01
6.927636638283729553e-01
6.970702968537807465e-01
7.005956955254077911e-01
7.036230452358722687e-01
7.093066424131393433e-01
7.105664089322090149e-01
7.115332037210464478e-01
7.074023447930812836e-01
6.768066510558128357e-01
6.736816428601741791e-01
6.950000040233135223e-01
7.520703151822090149e-01
7.556152343750000000e-01
7.568945288658142090e-01
7.685937508940696716e-01
7.838574275374412537e-01
7.869043052196502686e-01
7.827636674046516418e-01
7.716015577316284180e-01
7.872070297598838806e-01
7.868945300579071045e-01
7.852832004427909851e-01
7.884765639901161194e-01
7.850390598177909851e-01
7.800195291638374329e-01
7.640331983566284180e-01
7.473925761878490448e-01
7.279882729053497314e-01
7.253222614526748657e-01
7.256445288658142090e-01
7.322949208319187164e-01
7.315136678516864777e-01
7.216796912252902985e-01
7.102050781250000000e-01
7.284765578806400299e-01
7.298437468707561493e-01
7.318066395819187164e-01
7.342382743954658508e-01
7.370605394244194031e-01
7.452734336256980896e-01
7.638378888368606567e-01
7.613378912210464478e-01
7.634375020861625671e-01
7.666894569993019104e-01
7.688281238079071045e-01
7.598437517881393433e-01
7.571093738079071045e-01
7.547656223177909851e-01
7.626562491059303284e-01
7.680273503065109253e-01
7.649902403354644775e-01
7.677832096815109253e-01
7.727929800748825073e-01
7.891894653439521790e-01
8.147656247019767761e-01
8.133789077401161194e-01
8.153124973177909851e-01
8.199414014816284180e-01
8.191894516348838806e-01
8.177929669618606567e-01
8.124316409230232239e-01
8.108105435967445374e-01
8.068749979138374329e-01
7.975683659315109253e-01
7.985156252980232239e-01
8.062988221645355225e-01
8.038281202316284180e-01
8.010449185967445374e-01
7.961914166808128357e-01
7.764257863163948059e-01
7.690429762005805969e-01
7.563964799046516418e-01
7.664746046066284180e-01
7.664062529802322388e-01
7.771093845367431641e-01
7.954296916723251343e-01
8.004003986716270447e-01
8.098632842302322388e-01
8.350195288658142090e-01
8.506347686052322388e-01
8.738867267966270447e-01
8.757226616144180298e-01
8.565234392881393433e-01
8.514843732118606567e-01
8.387597650289535522e-01
8.223730549216270447e-01
7.934082001447677612e-01
7.969140633940696716e-01
7.811328172683715820e-01
7.749023586511611938e-01
7.564941495656967163e-01
7.506738230586051941e-01
7.215820327401161194e-01
6.972558647394180298e-01
6.830078102648258209e-01
6.728515625000000000e-01
6.455566324293613434e-01
6.017968691885471344e-01
5.024707019329071045e-01
4.729882851243019104e-01
4.520312547683715820e-01
4.404492229223251343e-01
4.415722712874412537e-01
4.435351602733135223e-01
4.578320384025573730e-01
5.037500038743019104e-01
5.437792949378490448e-01
5.854394510388374329e-01
