8.625624954700470415e-01
8.966953098773956521e-01
9.061796844005585161e-01
9.074140608310699019e-01
9.161249935626983865e-01
9.035078048706054465e-01
8.953671813011169212e-01
9.173749983310699463e-01
9.334374904632568581e-01
9.334374904632568581e-01
9.398827970027923140e-01
9.494374871253967729e-01
9.583359241485596147e-01
9.686249792575836182e-01
9.670702934265136275e-01
9.662890434265136719e-01
9.558202922344207764e-01
9.437968611717224565e-01
9.292421698570251243e-01
9.258124828338623047e-01
9.221484303474426492e-01
9.158749997615813765e-01
8.839531362056731734e-01
8.648515760898589644e-01
8.561093866825103538e-01
8.634140729904175027e-01
8.594453215599060503e-01
8.575234413146972656e-01
8.616484344005584939e-01
8.618828058242797852e-01
8.596328139305114968e-01
8.579921960830688699e-01
8.665312469005584939e-01
8.553749918937683105e-01
8.572343707084655318e-01
8.580546855926514116e-01
8.262890577316284180e-01
8.149140536785125510e-01
8.153593719005585161e-01
8.159531176090240034e-01
8.287343740463256614e-01
8.360625028610229048e-01
8.404140651226044145e-01
8.396328151226043479e-01
8.217031240463257280e-01
8.101484298706054243e-01
8.124296784400939497e-01
8.133359313011169212e-01
8.268515527248382346e-01
8.266640543937683328e-01
8.277265548706054243e-01
8.274609386920929177e-01
8.239921808242798296e-01
8.044843733310699241e-01
7.985156178474426270e-01
8.076562404632567915e-01
8.059218645095824751e-01
8.076328039169311523e-01
8.124609351158141868e-01
8.141484320163726585e-01
8.134531199932097945e-01
8.114140570163727029e-01
8.045703113079071267e-01
8.065703094005585161e-01
8.201327979564666526e-01
8.278984248638152632e-01
8.326093733310699907e-01
8.430703222751617654e-01
8.474687635898590088e-01
8.340781390666961448e-01
8.492890655994415061e-01
8.479609429836273415e-01
8.546718716621398704e-01
8.541796803474426270e-01
8.566640615463256836e-01
8.474687516689300981e-01
8.389531195163726363e-01
8.357656240463257058e-01
8.423828125000000222e-01
8.207265496253967063e-01
7.812578111886978594e-01
7.651093780994415727e-01
7.633828163146972878e-01
7.507500082254410234e-01
6.912890613079071267e-01
6.769374936819076982e-01
6.778749972581863403e-01
6.682031184434891191e-01
6.721093684434891191e-01
6.738749921321869341e-01
6.855937510728835615e-01
6.815703153610229714e-01
6.876015633344649824e-01
6.849453151226043701e-01
6.790078192949294822e-01
6.787421792745590432e-01
6.871953099966049416e-01
6.859062463045120239e-01
6.827265560626983865e-01
6.818593740463256836e-01
6.756171882152557373e-01
6.785390555858612505e-01
6.903281152248382790e-01
6.892421871423721758e-01
7.077499955892563310e-01
7.078437507152557373e-01
7.155234426259994285e-01
7.153671920299530251e-01
7.202265620231628196e-01
7.272421896457672563e-01
7.331953138113022073e-01
7.380156278610229270e-01
7.414609372615814653e-01
7.383515596389770286e-01
7.416328132152557595e-01
7.305859357118607011e-01
7.324531227350234985e-01
7.312109321355819702e-01
7.290156215429306474e-01
7.265937477350234985e-01
6.968515574932098167e-01
6.744531244039535522e-01
6.755234301090240479e-01
6.797031134366988692e-01
6.825703024864196999e-01
6.718281239271164385e-01
6.713515639305114302e-01
6.610546886920929399e-01
6.606484383344650713e-01
6.622890651226043257e-01
6.711250036954879983e-01
6.801171958446502464e-01
6.835234493017197099e-01
6.818046957254410012e-01
6.746718794107436912e-01
6.771875023841857910e-01
6.818671882152557151e-01
6.866796791553497759e-01
6.961093604564666526e-01
7.044687420129776001e-01
6.998593717813491599e-01
7.144453108310699907e-01
7.126562535762787087e-01
7.143281221389770064e-01
7.033125013113021851e-01
6.811015695333481057e-01
6.755468755960464255e-01
7.012500077486037986e-01
7.409375011920928955e-01
7.503124952316284624e-01
7.547890603542327659e-01
7.636015594005585161e-01
7.767968773841857910e-01
7.890234410762786421e-01
7.737265586853027122e-01
7.717187464237212913e-01
7.825781226158141646e-01
7.869687497615813765e-01
7.869687497615813765e-01
7.858515620231628640e-01
7.880312502384185791e-01
7.814531207084656206e-01
7.631093740463257280e-01
7.433359324932098389e-01
7.290390610694885698e-01
7.297890603542327437e-01
7.341250002384185347e-01
7.335546851158142312e-01
7.354765623807907327e-01
7.210624992847443071e-01
7.172890663146972434e-01
7.304609358310699685e-01
7.341328114271163940e-01
7.365468770265579668e-01
7.364921838045119795e-01
7.416328072547913042e-01
7.483281195163726807e-01
7.577499985694885476e-01
7.654140651226043479e-01
7.668046891689300759e-01
7.664296865463257058e-01
7.675703108310699685e-01
7.600546896457671675e-01
7.577734410762786421e-01
7.606562495231627974e-01
7.630546867847443071e-01
7.663437545299529585e-01
7.649375021457671675e-01
7.648124992847442627e-01
7.719921946525574175e-01
7.858828246593475564e-01
8.090312540531158225e-01
8.139609396457672119e-01
8.162578105926513450e-01
8.228437483310699907e-01
8.212421894073486106e-01
8.186171829700470415e-01
8.121093750000000222e-01
8.123046874999999556e-01
8.049921870231628862e-01
7.996640622615813765e-01
7.996328115463257058e-01
8.034687459468841109e-01
8.032265603542327881e-01
8.016718685626983421e-01
7.936406314373016802e-01
7.751718819141387717e-01
7.694843828678130659e-01
7.594218790531158669e-01
7.651093721389770064e-01
7.683124959468841109e-01
7.768125057220458540e-01
7.914375066757202148e-01
8.002343773841857910e-01
8.103515624999999556e-01
8.359921872615814209e-01
8.479062497615814653e-01
8.719453155994415505e-01
8.762109339237212913e-01
8.630390644073486772e-01
8.536640644073486550e-01
8.421250045299529807e-01
8.211718797683715820e-01
8.000625014305114968e-01
7.945703148841858354e-01
7.785703182220459206e-01
7.792500138282776323e-01
7.555078148841858354e-01
7.542343735694885254e-01
7.150703102350235429e-01
6.997109472751616988e-01
6.790703117847443071e-01
6.678906261920929399e-01
6.506640553474426492e-01
6.063749939203262329e-01
5.122421860694885698e-01
4.737812519073486550e-01
4.522265672683715709e-01
4.433593779802322277e-01
4.407343804836273415e-01
4.408515691757202148e-01
4.581484436988830788e-01
5.082343786954879317e-01
5.311015576124191728e-01
5.763749986886977927e-01
