8.685937523841857910e-01
8.863281011581420898e-01
9.491406083106994629e-01
9.491406083106994629e-01
9.510155916213989258e-01
8.734374642372131348e-01
8.825781345367431641e-01
9.039062261581420898e-01
9.039062261581420898e-01
9.039062261581420898e-01
9.236718416213989258e-01
9.460155963897705078e-01
9.460155963897705078e-01
9.460155963897705078e-01
9.280468225479125977e-01
9.280468225479125977e-01
9.528124928474426270e-01
9.359374642372131348e-01
9.359374642372131348e-01
9.359374642372131348e-01
9.528124928474426270e-01
9.429687261581420898e-01
8.485937714576721191e-01
8.714843988418579102e-01
8.802344202995300293e-01
8.754687905311584473e-01
8.696094155311584473e-01
8.426562547683715820e-01
8.598437309265136719e-01
8.598437309265136719e-01
8.617187738418579102e-01
8.507031202316284180e-01
8.853906393051147461e-01
8.562499880790710449e-01
8.395312428474426270e-01
8.354687094688415527e-01
7.775781154632568359e-01
7.542187571525573730e-01
7.542187571525573730e-01
8.289062380790710449e-01
8.321875333786010742e-01
8.351562619209289551e-01
8.456249833106994629e-01
8.389062285423278809e-01
8.389062285423278809e-01
8.051562309265136719e-01
8.138281106948852539e-01
8.171093463897705078e-01
8.103124499320983887e-01
8.218749761581420898e-01
8.077343702316284180e-01
8.410156369209289551e-01
8.176562786102294922e-01
7.913281321525573730e-01
8.019531369209289551e-01
8.102343678474426270e-01
8.187499642372131348e-01
7.980468869209289551e-01
8.133593797683715820e-01
8.133593797683715820e-01
8.133593797683715820e-01
7.976562380790710449e-01
7.976562380790710449e-01
8.064061999320983887e-01
8.182030916213989258e-01
8.182030916213989258e-01
8.410156369209289551e-01
8.592187762260437012e-01
8.592187762260437012e-01
8.346093893051147461e-01
8.349218964576721191e-01
8.516406416893005371e-01
8.657812476158142090e-01
8.637499809265136719e-01
8.642968535423278809e-01
8.574218750000000000e-01
8.444530963897705078e-01
8.539062142372131348e-01
8.228124976158142090e-01
7.834374904632568359e-01
7.910156250000000000e-01
6.844531297683715820e-01
6.774218976497650146e-01
6.774218976497650146e-01
6.691406369209289551e-01
6.691406071186065674e-01
6.960155963897705078e-01
6.960155963897705078e-01
6.815625131130218506e-01
6.497656106948852539e-01
6.979687213897705078e-01
6.663281023502349854e-01
7.020312547683715820e-01
7.030469179153442383e-01
6.663281023502349854e-01
6.706249713897705078e-01
6.917187273502349854e-01
6.768749952316284180e-01
6.919531226158142090e-01
6.737499833106994629e-01
6.699218750000000000e-01
6.751562356948852539e-01
6.921093463897705078e-01
6.920312643051147461e-01
6.835937500000000000e-01
6.972656250000000000e-01
7.375780940055847168e-01
7.417968511581420898e-01
7.417968511581420898e-01
7.417968511581420898e-01
7.600781321525573730e-01
7.717187404632568359e-01
7.383593916893005371e-01
7.663281559944152832e-01
7.532031536102294922e-01
7.171093821525573730e-01
7.295312285423278809e-01
7.296874523162841797e-01
7.321093678474426270e-01
7.321093678474426270e-01
6.944531202316284180e-01
6.853124797344207764e-01
6.769531071186065674e-01
6.769531071186065674e-01
6.799999773502349854e-01
6.744531095027923584e-01
6.734375059604644775e-01
6.449999809265136719e-01
6.567968726158142090e-01
6.398437321186065674e-01
6.554687321186065674e-01
7.007031440734863281e-01
6.925000250339508057e-01
6.624218821525573730e-01
6.788281202316284180e-01
6.788281202316284180e-01
6.962500214576721191e-01
6.942968368530273438e-01
6.875000000000000000e-01
7.144531011581420898e-01
7.118750214576721191e-01
7.169530987739562988e-01
7.175781130790710449e-01
7.253906726837158203e-01
7.253906726837158203e-01
6.333593726158142090e-01
6.814843714237213135e-01
6.782812178134918213e-01
7.664843797683715820e-01
7.664843797683715820e-01
7.701562643051147461e-01
7.848437428474426270e-01
7.848437428474426270e-01
7.803125381469726562e-01
7.967968583106994629e-01
7.895312309265136719e-01
7.853125333786010742e-01
7.853125333786010742e-01
7.751562595367431641e-01
7.853125333786010742e-01
7.853125333786010742e-01
7.624999880790710449e-01
7.624999880790710449e-01
7.624999880790710449e-01
7.182031273841857910e-01
7.182031273841857910e-01
7.232031226158142090e-01
7.260156273841857910e-01
7.260156273841857910e-01
7.314062118530273438e-01
7.227343320846557617e-01
7.138280868530273438e-01
7.286718487739562988e-01
7.353125214576721191e-01
7.251562476158142090e-01
7.251562476158142090e-01
7.251562476158142090e-01
7.687500119209289551e-01
7.687500119209289551e-01
7.644531130790710449e-01
7.687500119209289551e-01
7.687500119209289551e-01
7.262499928474426270e-01
7.624999880790710449e-01
7.407812476158142090e-01
7.624999880790710449e-01
7.577343583106994629e-01
7.687500119209289551e-01
7.635937929153442383e-01
7.795312404632568359e-01
7.986718416213989258e-01
8.060937523841857910e-01
8.208593726158142090e-01
8.456249833106994629e-01
8.246874809265136719e-01
7.914062142372131348e-01
8.218749761581420898e-01
7.897656559944152832e-01
7.897656559944152832e-01
7.998437285423278809e-01
7.913281321525573730e-01
8.153125047683715820e-01
8.249218463897705078e-01
8.121093511581420898e-01
7.897656559944152832e-01
8.153125047683715820e-01
7.992187738418579102e-01
7.683593630790710449e-01
7.703906297683715820e-01
7.703906297683715820e-01
7.646874785423278809e-01
7.974999547004699707e-01
8.089843988418579102e-01
8.089843988418579102e-01
8.224999904632568359e-01
8.191406130790710449e-01
8.605468869209289551e-01
8.605468869209289551e-01
8.676562905311584473e-01
8.323437571525573730e-01
8.550781011581420898e-01
8.414062261581420898e-01
7.929687500000000000e-01
8.278906345367431641e-01
7.968750000000000000e-01
7.728906273841857910e-01
7.757812738418579102e-01
7.683593630790710449e-01
7.249218821525573730e-01
7.249218821525573730e-01
6.922656297683715820e-01
6.825781464576721191e-01
6.457031071186065674e-01
6.298437416553497314e-01
5.701562464237213135e-01
5.049999952316284180e-01
5.141406357288360596e-01
4.172656238079071045e-01
4.465624988079071045e-01
4.424218535423278809e-01
4.424218535423278809e-01
4.578906297683715820e-01
5.153906345367431641e-01
5.620312690734863281e-01
5.557031333446502686e-01
