8.586458365122476843e-01
9.104166428248087195e-01
9.372395674387613562e-01
9.466666380564371375e-01
9.372395674387613562e-01
8.855208158493041992e-01
8.984895944595336914e-01
8.804687261581420898e-01
9.131249984105428430e-01
9.116666316986083984e-01
9.116666316986083984e-01
9.507812261581420898e-01
9.403124650319417688e-01
9.403124650319417688e-01
9.395833015441894531e-01
9.446874459584554407e-01
9.448437293370565149e-01
9.448437293370565149e-01
9.448437293370565149e-01
9.448437293370565149e-01
9.448437293370565149e-01
9.065103928248087195e-01
8.602604468663533899e-01
8.602604468663533899e-01
8.781771262486776086e-01
8.781771262486776086e-01
8.594270944595336914e-01
8.492187658945719031e-01
8.726041714350382117e-01
8.726041714350382117e-01
8.846354484558105469e-01
8.541666666666666297e-01
8.815625111262003211e-01
8.482812245686849328e-01
8.392187356948852539e-01
8.336458206176757812e-01
8.010416428248087195e-01
7.670833269755045203e-01
7.795312404632568359e-01
8.315104246139526367e-01
8.326562643051147461e-01
8.326562643051147461e-01
8.442708253860473633e-01
8.308333158493041992e-01
8.359895547231038782e-01
7.959374984105428430e-01
8.060937325159708289e-01
8.140624761581420898e-01
8.194270531336466101e-01
8.388020594914754602e-01
8.177083333333333703e-01
8.398958444595336914e-01
8.120312690734863281e-01
7.934375206629434851e-01
8.078645865122476843e-01
8.078645865122476843e-01
8.151562213897705078e-01
7.989583412806192664e-01
8.104687531789144250e-01
8.166145881017049524e-01
8.079166809717813758e-01
7.961458365122476843e-01
8.032812277475992468e-01
8.032812277475992468e-01
8.164583047231038782e-01
8.164583047231038782e-01
8.335416714350382117e-01
8.644791841506958008e-01
8.576562801996866492e-01
8.305729230244954797e-01
8.414583603541055945e-01
8.453125158945719031e-01
8.645312388737996789e-01
8.671354055404663086e-01
8.646874825159708289e-01
8.491666714350382117e-01
8.404166301091512414e-01
8.467187086741129187e-01
8.280729055404663086e-01
7.865624825159708289e-01
7.814583381017049524e-01
6.831770936648050574e-01
6.831770936648050574e-01
6.831770936648050574e-01
6.708333492279052734e-01
6.732812325159708289e-01
6.960937182108560828e-01
6.858853896458944055e-01
6.853124896685282019e-01
6.644791762034097937e-01
6.973437468210855750e-01
6.755208373069763184e-01
6.973437468210855750e-01
6.896354357401529578e-01
6.703645586967468262e-01
6.783854166666666297e-01
6.820833086967468262e-01
6.695833206176757812e-01
6.916145881017049524e-01
6.794791618982950476e-01
6.649479071299234656e-01
6.814062595367431641e-01
6.878124872843424109e-01
6.973437468210855750e-01
6.941666603088378906e-01
6.941666603088378906e-01
7.468749682108560828e-01
7.353125015894571570e-01
7.353125015894571570e-01
7.353125015894571570e-01
7.660416762034097937e-01
7.660416762034097937e-01
7.438021103541055945e-01
7.438021103541055945e-01
7.350521087646484375e-01
7.044791777928670617e-01
7.192708253860473633e-01
7.316145499547322961e-01
7.209895849227905273e-01
7.292708158493041992e-01
6.893750031789144250e-01
6.897916595141092566e-01
6.800520618756612512e-01
6.777083277702331543e-01
6.842707991600036621e-01
6.636458237965902063e-01
6.751041611035665246e-01
6.483333110809326172e-01
6.652083396911621094e-01
6.460937460263570520e-01
6.635416547457376746e-01
6.951041817665100098e-01
6.951041817665100098e-01
6.633333365122476843e-01
6.758333245913187293e-01
6.782291730244954797e-01
6.914062698682149621e-01
6.949478785196939734e-01
6.892708142598470422e-01
7.027083237965902063e-01
7.041145960489908484e-01
7.196354071299234656e-01
7.189062436421712610e-01
7.241146167119344446e-01
7.286979357401529578e-01
6.487500071525573730e-01
6.625520785649617883e-01
6.828124721844991418e-01
7.654166618982950476e-01
7.669791777928670617e-01
7.669791777928670617e-01
7.792187531789144250e-01
7.822395960489908484e-01
7.847917079925537109e-01
7.901562452316284180e-01
7.901562452316284180e-01
7.813541889190673828e-01
7.813541889190673828e-01
7.813541889190673828e-01
7.813541889190673828e-01
7.909375031789144250e-01
7.729166746139526367e-01
7.602083285649617883e-01
7.507812579472860071e-01
7.153645753860473633e-01
7.153645753860473633e-01
7.186979055404663086e-01
7.292708158493041992e-01
7.263541618982950476e-01
7.252603769302368164e-01
7.194791237513223914e-01
7.135416269302368164e-01
7.234374682108560828e-01
7.278645833333333703e-01
7.262500127156575891e-01
7.262500127156575891e-01
7.391666571299234656e-01
7.664062579472860071e-01
7.664062579472860071e-01
7.664062579472860071e-01
7.664062579472860071e-01
7.647916873296102258e-01
7.364583412806192664e-01
7.509375015894571570e-01
7.509375015894571570e-01
7.640624841054280969e-01
7.622395753860473633e-01
7.664062579472860071e-01
7.635937929153442383e-01
7.735937436421712610e-01
7.969791491826375696e-01
8.117708365122476843e-01
8.165624936421712610e-01
8.258854150772094727e-01
8.226562341054280969e-01
8.184895515441894531e-01
8.068228960037231445e-01
7.934375206629434851e-01
7.774479389190673828e-01
8.071353832880655554e-01
7.887500127156575891e-01
8.104687531789144250e-01
8.225520451863607141e-01
8.140103816986083984e-01
8.025521039962768555e-01
8.047395944595336914e-01
7.896875143051147461e-01
7.548437515894571570e-01
7.704687515894571570e-01
7.561979293823242188e-01
7.676041523615518836e-01
8.059374888737996789e-01
8.035937547683715820e-01
8.067187468210855750e-01
8.128645817438761023e-01
8.189583222071329383e-01
8.606770833333333703e-01
8.606770833333333703e-01
8.630729516347249719e-01
8.423437674840291711e-01
8.631770610809326172e-01
8.479687372843424109e-01
8.055729071299234656e-01
8.231770992279052734e-01
7.853645881017049524e-01
7.775520881017049524e-01
7.761979500452677039e-01
7.667187452316284180e-01
7.209895849227905273e-01
7.314583460489908484e-01
6.880208452542623254e-01
6.815625230471292761e-01
6.506770650545755652e-01
6.311979095141092566e-01
6.081770857175191614e-01
5.108854174613952637e-01
5.096875031789144250e-01
4.247916738192240582e-01
4.457291563351948871e-01
4.418749809265136719e-01
4.458333253860473633e-01
4.601041674613952637e-01
5.019270976384481164e-01
5.592187643051147461e-01
5.865104198455810547e-01
