8.556640744209289551e-01
9.177343547344207764e-01
9.303515553474426270e-01
9.472655951976776123e-01
9.425781071186065674e-01
8.760546743869781494e-01
9.039062559604644775e-01
8.932421803474426270e-01
8.932421803474426270e-01
9.166406095027923584e-01
9.120312333106994629e-01
9.431249797344207764e-01
9.543749690055847168e-01
9.543749690055847168e-01
9.503906071186065674e-01
9.442577660083770752e-01
9.543359279632568359e-01
9.543359279632568359e-01
9.543359279632568359e-01
9.272656142711639404e-01
9.443749785423278809e-01
9.157812297344207764e-01
8.535937666893005371e-01
8.637109696865081787e-01
8.742187917232513428e-01
8.742187917232513428e-01
8.598437607288360596e-01
8.550390601158142090e-01
8.641015589237213135e-01
8.870703279972076416e-01
8.732421994209289551e-01
8.732421994209289551e-01
8.937890827655792236e-01
8.543749749660491943e-01
8.369140625000000000e-01
8.401952981948852539e-01
7.984374761581420898e-01
7.873046696186065674e-01
7.915624976158142090e-01
8.256250023841857910e-01
8.320312500000000000e-01
8.383203148841857910e-01
8.446484208106994629e-01
8.412890434265136719e-01
8.306640386581420898e-01
8.044921755790710449e-01
8.121093511581420898e-01
8.101171553134918213e-01
8.141405880451202393e-01
8.393749892711639404e-01
8.314453065395355225e-01
8.345703184604644775e-01
8.044922053813934326e-01
7.958593964576721191e-01
8.013671934604644775e-01
8.103515505790710449e-01
8.167968392372131348e-01
7.984765768051147461e-01
8.062500059604644775e-01
8.107421994209289551e-01
8.042187690734863281e-01
8.065234422683715820e-01
7.906640470027923584e-01
8.078905940055847168e-01
8.159765303134918213e-01
8.146874904632568359e-01
8.283984363079071045e-01
8.587500154972076416e-01
8.482422232627868652e-01
8.310937583446502686e-01
8.286328315734863281e-01
8.503515720367431641e-01
8.785546720027923584e-01
8.712500035762786865e-01
8.650390505790710449e-01
8.344140648841857910e-01
8.278515338897705078e-01
8.475390374660491943e-01
8.366796672344207764e-01
7.946484386920928955e-01
7.837499976158142090e-01
7.067578285932540894e-01
6.767968833446502686e-01
6.767968833446502686e-01
6.771875023841857910e-01
6.796484291553497314e-01
6.884765326976776123e-01
6.884765326976776123e-01
6.777343600988388062e-01
6.588671952486038208e-01
6.964843869209289551e-01
6.703906208276748657e-01
6.928125023841857910e-01
6.984765827655792236e-01
6.762499958276748657e-01
6.725390553474426270e-01
6.856249719858169556e-01
6.756640672683715820e-01
6.883203089237213135e-01
6.792187392711639404e-01
6.661718636751174927e-01
6.748046875000000000e-01
6.878515481948852539e-01
7.018359303474426270e-01
6.946484446525573730e-01
6.946484446525573730e-01
7.299609184265136719e-01
7.303124964237213135e-01
7.353124916553497314e-01
7.423046827316284180e-01
7.644921839237213135e-01
7.540625035762786865e-01
7.486718893051147461e-01
7.492187619209289551e-01
7.399609684944152832e-01
7.104687690734863281e-01
7.215625047683715820e-01
7.233984172344207764e-01
7.216406166553497314e-01
7.290624976158142090e-01
6.871484369039535522e-01
6.844531148672103882e-01
6.847265511751174927e-01
6.814843565225601196e-01
6.857421547174453735e-01
6.702734231948852539e-01
6.764062494039535522e-01
6.502734273672103882e-01
6.550781279802322388e-01
6.447656154632568359e-01
6.658593714237213135e-01
6.876171976327896118e-01
6.895312666893005371e-01
6.681250035762786865e-01
6.761328130960464478e-01
6.743749976158142090e-01
6.920312792062759399e-01
6.932030916213989258e-01
6.910156011581420898e-01
7.009765505790710449e-01
7.036328315734863281e-01
7.169921696186065674e-01
7.176952958106994629e-01
7.200000286102294922e-01
7.163281440734863281e-01
6.512109488248825073e-01
6.640234291553497314e-01
6.894531100988388062e-01
7.660546898841857910e-01
7.660546898841857910e-01
7.698046863079071045e-01
7.789062559604644775e-01
7.801171839237213135e-01
7.829687893390655518e-01
7.859765589237213135e-01
7.859765589237213135e-01
7.794531285762786865e-01
7.794531285762786865e-01
7.838672101497650146e-01
7.865625023841857910e-01
7.816406190395355225e-01
7.739062607288360596e-01
7.605859339237213135e-01
7.426953315734863281e-01
7.183593809604644775e-01
7.183593809604644775e-01
7.186328172683715820e-01
7.264452874660491943e-01
7.287109196186065674e-01
7.248437106609344482e-01
7.217187285423278809e-01
7.147656083106994629e-01
7.287109196186065674e-01
7.280078232288360596e-01
7.295312583446502686e-01
7.249609529972076416e-01
7.448046803474426270e-01
7.676171958446502686e-01
7.676171958446502686e-01
7.676171958446502686e-01
7.640234529972076416e-01
7.555468976497650146e-01
7.441406250000000000e-01
7.443749904632568359e-01
7.536328136920928955e-01
7.549999952316284180e-01
7.634765505790710449e-01
7.640234529972076416e-01
7.583984732627868652e-01
7.786328196525573730e-01
7.955859303474426270e-01
8.108203113079071045e-01
8.305859267711639404e-01
8.135937452316284180e-01
8.202343583106994629e-01
8.171093463897705078e-01
8.083593547344207764e-01
8.089062571525573730e-01
7.832812666893005371e-01
8.047656118869781494e-01
7.923437654972076416e-01
8.123046755790710449e-01
8.242187201976776123e-01
8.175390362739562988e-01
8.014843761920928955e-01
8.019922077655792236e-01
7.742187678813934326e-01
7.545703053474426270e-01
7.662890553474426270e-01
7.580468952655792236e-01
7.666015625000000000e-01
7.986718714237213135e-01
8.032421767711639404e-01
8.034375011920928955e-01
8.098437488079071045e-01
8.196874856948852539e-01
8.642578125000000000e-01
8.589843809604644775e-01
8.685937821865081787e-01
8.435156345367431641e-01
8.508203029632568359e-01
8.394140601158142090e-01
8.104296922683715820e-01
8.079687654972076416e-01
7.967187464237213135e-01
7.775390744209289551e-01
7.719922065734863281e-01
7.648828029632568359e-01
7.268750071525573730e-01
7.268750071525573730e-01
6.991015821695327759e-01
6.812109500169754028e-01
6.558202952146530151e-01
6.351952999830245972e-01
6.179296821355819702e-01
5.150781273841857910e-01
4.889843761920928955e-01
4.314062595367431641e-01
4.471093714237213135e-01
4.444921761751174927e-01
4.443359375000000000e-01
4.629687517881393433e-01
5.158984512090682983e-01
5.557031333446502686e-01
5.995703190565109253e-01
