3.178132952239076103e-01
3.165848127218101604e-01
3.160934126644599496e-01
3.230958660615524947e-01
3.298526135454490360e-01
3.286241193111645864e-01
3.267813487029807007e-01
3.361179493135185714e-01
3.414005201388784494e-01
3.502457324119679916e-01
3.497543323669027870e-01
3.493857852722931367e-01
3.506142795065776419e-01
3.524570266872426583e-01
3.525798796131281998e-01
3.711302629943140086e-01
3.820639166167927314e-01
3.714988100766386525e-01
3.636364095890112225e-01
3.744472102733195085e-01
3.728501572613786008e-01
3.972973175838371840e-01
4.047911709891399146e-01
4.029484120885729048e-01
3.921375996966477984e-01
3.977887059212854570e-01
3.947174645063359910e-01
3.986486647440071751e-01
4.015970649284030247e-01
4.004914002293403219e-01
4.090909183337057553e-01
4.111793830983286879e-01
4.093366241977617892e-01
4.117936243616625025e-01
4.336609433142368242e-01
4.385749436297532999e-01
4.402948495921497063e-01
4.404176908104184274e-01
4.503685560749537409e-01
4.466830617013385907e-01
4.519656208190815927e-01
4.115479301929383382e-01
4.058968239805856859e-01
4.071253299224870115e-01
4.004914236445741293e-01
3.793612106011209351e-01
3.632678273838359506e-01
3.803439989713493508e-01
3.942260644612708420e-01
4.014742237101344702e-01
4.079852770498769710e-01
4.055282651906442770e-01
4.068796123508141571e-01
4.109337006740765297e-01
4.084766887779888167e-01
4.088452358725985225e-01
4.094594771236472752e-01
4.025798767015802970e-01
3.797297577080155362e-01
3.679361335429133240e-01
3.683046806252378569e-01
3.531941208887469652e-01
3.604422801376105934e-01
3.622850390136075349e-01
3.514742383292993044e-01
3.390663729008631666e-01
3.429975731385343507e-01
3.391892023992298388e-01
3.520884795803480016e-01
3.495086147583748581e-01
3.484029617669290313e-01
3.404177200487480404e-01
3.346437491783230689e-01
3.420147730852590162e-01
3.391892023992298943e-01
3.305896960147663988e-01
3.372235905727773431e-01
3.285012312378583488e-01
3.315725077879435601e-01
3.353808550997291471e-01
3.488943618119941803e-01
3.547911739006878173e-01
3.533169738146324512e-01
3.633906920296233189e-01
3.711302395790802011e-01
3.714987983813066719e-01
3.911548113387045000e-01
4.106879713579316693e-01
4.127764478670266080e-01
4.201474483095887780e-01
4.228501426176435873e-01
4.237101014649352626e-01
4.245700485923250556e-01
4.151105716283829961e-01
4.136363715423275744e-01
4.108108242961021617e-01
4.046683297708713600e-01
3.968059175633420477e-01
3.873464523193018705e-01
3.846437580112470611e-01
3.878378640596990001e-01
3.972973175838372395e-01
3.990172001309998939e-01
3.974201588143909114e-01
3.840294933326794946e-01
3.729729867843152857e-01
3.625307331823316437e-01
3.718673337682994462e-01
3.780098634409509994e-01
3.652334509179053224e-01
3.579852799491398119e-01
3.404177083288461581e-01
3.404177200610331022e-01
3.373464552185647669e-01
3.230958425971786618e-01
3.332924020427230904e-01
3.508599736630166888e-01
3.555282798220941176e-01
3.581081446317822548e-01
3.544226268060782781e-01
3.426290143363078244e-01
3.417690672089180870e-01
3.497543089148139606e-01
3.620393331372665502e-01
3.644963215689803193e-01
3.770270399478719558e-01
3.796069164651769690e-01
3.738329573023688179e-01
3.783784222431775257e-01
3.857494227103097639e-01
3.705160100356483244e-01
3.644963332888822571e-01
3.621621977830538630e-01
3.480344264045064362e-01
3.428747084927469269e-01
3.282555487767511715e-01
3.253071486046402727e-01
3.079852711530708942e-01
3.140049244723180921e-01
3.060196944740390390e-01
3.105651476826609136e-01
3.237101073003162410e-01
3.203931600213107411e-01
3.206388659099367877e-01
3.174447715568167183e-01
3.240786544194959040e-01
3.299754547637176461e-01
3.339066667335757188e-01
3.296069076813930576e-01
3.385749494651343339e-01
3.357494022066238593e-01
3.235872543744308105e-01
3.212530954287985407e-01
3.151106008912827328e-01
3.153563067676237175e-01
3.074938828401926338e-01
3.144963538048530238e-01
3.120393536409523105e-01
3.052825885649178561e-01
2.961916645555364158e-01
2.875921522988368895e-01
2.896806053558430571e-01
2.937346643916356470e-01
2.921376172396456528e-01
2.899263112321840419e-01
2.721130454800214094e-01
2.810811048313305305e-01
2.863636580645524954e-01
2.900491700425905650e-01
2.835381167028480642e-01
2.813268106953864534e-01
2.729729867351751715e-01
2.667076392717738220e-01
2.541769267651181607e-01
2.565110798507993506e-01
2.533169796500133741e-01
2.544226267937932384e-01
2.687960981887308476e-01
2.724815984222969667e-01
2.847666167602284637e-01
2.890663758124111249e-01
2.874693227759002045e-01
2.907862700426206981e-01
2.976658646415918374e-01
2.959459586791953201e-01
2.938575114821401768e-01
2.878378581628929789e-01
2.874692993606665081e-01
2.614250860016967826e-01
2.540540796746135754e-01
2.410319671351777993e-01
2.407862730033087095e-01
2.490172205855457066e-01
