3.091728417339278390e-01
3.009828412285420751e-01
3.210483522107995813e-01
3.198198619773343077e-01
3.296478625919871397e-01
3.247338622232356919e-01
3.136773322678276243e-01
3.419328828627607453e-01
3.509418639305601495e-01
3.525798639988771410e-01
3.513514127498515438e-01
3.464374124220501727e-01
3.464374124220501727e-01
3.587223936674339697e-01
3.669123942137697547e-01
3.751024337445452161e-01
3.812449243467621041e-01
3.787879437160312501e-01
3.681409235545249348e-01
3.710074139791574299e-01
3.812449243877121252e-01
4.033579062886987754e-01
4.004914158640662802e-01
3.841114148123446204e-01
4.119574165470362703e-01
3.902539054555115849e-01
3.800163950469570007e-01
3.918919055238287430e-01
3.980343961669956521e-01
4.078623967816484286e-01
3.996723962762627202e-01
4.140049264502050907e-01
4.123669263409380226e-01
4.140049264502050907e-01
4.459459479912344371e-01
4.574119877814942225e-01
4.549549681253736710e-01
4.582309683029580083e-01
4.635544783837112770e-01
4.619164782744440423e-01
4.737919887922658613e-01
3.972154156045819562e-01
3.923014152767804741e-01
4.058149259448193824e-01
3.837019050184429791e-01
3.603603938176511146e-01
3.407043535220055652e-01
3.746928849252537108e-01
3.963964351240682471e-01
4.058149259448193824e-01
4.074529260540866171e-01
3.939393764016079769e-01
3.927108860862424389e-01
4.099099457102070576e-01
4.103194555041088099e-01
4.041769257946021265e-01
4.119574165470362703e-01
4.041769258355521477e-01
3.890254151401461580e-01
3.402948437281037575e-01
3.775593753498863170e-01
3.738739044037900361e-01
3.677313747352335405e-01
3.615888840920666314e-01
3.542179031335341288e-01
3.419328828627607453e-01
3.439803536995897915e-01
3.284193722356716361e-01
3.652743941045025200e-01
3.439803536995897915e-01
3.497133345079050382e-01
3.386568435778866681e-01
3.402948436462036597e-01
3.296478625510370075e-01
3.411138632749571298e-01
3.284193331693319728e-01
3.288288429632336696e-01
3.210483132263599049e-01
3.255528427446993667e-01
3.386568435778865016e-01
3.452088440149552184e-01
3.509418638896100728e-01
3.566748838052150039e-01
3.566748838052150039e-01
3.738739044037900361e-01
3.669123942137697547e-01
3.935299056330958112e-01
4.066339064662830016e-01
4.148239460380087062e-01
4.205569659126633941e-01
4.160524363533739667e-01
4.230139856097339113e-01
4.230139465433944146e-01
4.152334558319103475e-01
4.213759464341271799e-01
3.996723962762628868e-01
4.025389257262850795e-01
3.918919055238287430e-01
3.849304344001480693e-01
3.804259048408586419e-01
3.882063955523427090e-01
3.902539054145616748e-01
4.201474170524219787e-01
3.968059058106801484e-01
3.808353755274707098e-01
3.816543951152741587e-01
3.599508449574098101e-01
3.656839038574542511e-01
3.755118654467174966e-01
3.632268842013336996e-01
3.525799030652170818e-01
3.411138632340071086e-01
3.415233340025192743e-01
3.456183538088568596e-01
3.226863523200667050e-01
3.190008423485807265e-01
3.525798639988773076e-01
3.595414132552372521e-01
3.497133735742446459e-01
3.595413741888975889e-01
3.447993732873932404e-01
3.488943930527810267e-01
3.464373733557103985e-01
3.538083933805825088e-01
3.898443956206598671e-01
3.787879046906414970e-01
3.718263945415712368e-01
3.714169237321091610e-01
3.910729249614148806e-01
3.824734147030775522e-01
3.722359042945229679e-01
3.689599040759885540e-01
3.636363939542854307e-01
3.411139023412969595e-01
3.452088830403449715e-01
3.280098624008199182e-01
3.140868420207792999e-01
3.222768035007754217e-01
3.226863523610168927e-01
2.997543509541266693e-01
3.099918613217313434e-01
3.226863523610167817e-01
3.251433329507977255e-01
3.157248812373362745e-01
3.255528818110390299e-01
3.316953724951560711e-01
3.210483522517496580e-01
3.296479016173768928e-01
3.247338232387961265e-01
3.419328437964209155e-01
3.329238237441818904e-01
3.185913716210188040e-01
3.226863132946771739e-01
3.177723520741654317e-01
3.304668821388405120e-01
3.099918222963416459e-01
3.181818618271169963e-01
3.054873512546615877e-01
3.018018412831757202e-01
3.026208217636893738e-01
2.960688213675707892e-01
2.805078008782629917e-01
2.833743303282852399e-01
2.866503110545997601e-01
2.727272906336091207e-01
2.735463102214124587e-01
2.792792910297277054e-01
2.899263112321840974e-01
2.944308408324234350e-01
2.747748005367779967e-01
2.706798002636101041e-01
2.792792910297277054e-01
2.502047599133309652e-01
2.395577592440444326e-01
2.530712894043032901e-01
2.452907791596493636e-01
2.588042897867383618e-01
2.735462906882427103e-01
2.653562901419069253e-01
2.927928406822062901e-01
2.882883306151367009e-01
2.927928406822062901e-01
2.919738015612330373e-01
3.038493120790548563e-01
2.796888008236294021e-01
3.001638021075688778e-01
2.993448020529352882e-01
2.858312914258463455e-01
2.502047794055507479e-01
2.616707997035907507e-01
2.485667793372336731e-01
2.461097792142828977e-01
2.510237795011343587e-01
