3.151515401712459696e-01
3.149058538116948358e-01
3.108108496482729355e-01
3.230958621467285297e-01
3.274365643732234932e-01
3.233415602016115886e-01
3.258804506043907478e-01
3.303030469927781820e-01
3.412776672088978502e-01
3.455364752816904583e-01
3.465192753308707352e-01
3.468468675394562051e-01
3.497133814038926869e-01
3.497952755494050936e-01
3.599508917960673182e-01
3.723997003824355834e-01
3.782965085644953152e-01
3.721540023275525244e-01
3.650286960086694399e-01
3.751024025160434316e-01
3.785422144408363554e-01
3.909910152303167075e-01
4.025389179212071622e-01
3.989353176890093056e-01
3.985258079114876728e-01
3.989353098921214480e-01
3.998362236172472994e-01
3.996724196914966387e-01
3.996724118782286062e-01
4.030303140473533441e-01
4.080262241226330633e-01
4.093366320069346531e-01
4.108108281986412313e-01
4.141687225544978812e-01
4.263718408992509534e-01
4.357084453959477188e-01
4.391482495156627253e-01
4.493857521109495545e-01
4.371007474257618264e-01
4.366093512996157000e-01
4.456183635795369358e-01
4.118755302066017254e-01
3.981982234997900605e-01
4.036855218961380998e-01
4.059787376592680075e-01
3.816544107418099463e-01
3.674037825184578998e-01
3.788697988689138652e-01
3.973792195385225656e-01
4.039312199592112185e-01
4.074529182326286358e-01
4.071253182271551418e-01
4.071253260322330592e-01
4.082719456255098911e-01
4.099099378969390250e-01
4.080262319195209764e-01
4.112203301628948315e-01
4.027027218305778700e-01
3.860770071301973250e-01
3.721539867337766982e-01
3.687141748007937703e-01
3.606060762296183220e-01
3.641277901213815782e-01
3.669943039530579876e-01
3.470106792539048302e-01
3.448812752134136073e-01
3.423423692004785024e-01
3.384111533362714197e-01
3.542997738638127836e-01
3.502866716509813183e-01
3.469287616767786075e-01
3.398853651381337215e-01
3.393939612069097334e-01
3.428337653266246843e-01
3.361179453700294806e-01
3.349713414032884917e-01
3.364455454082628805e-01
3.307125411437639162e-01
3.357903531778240191e-01
3.345618550491905596e-01
3.407043612943234101e-01
3.505323775355122518e-01
3.523341737572621701e-01
3.644553901350449654e-01
3.645372842887474318e-01
3.718263944924311004e-01
3.831286069253264093e-01
4.085176202487792452e-01
4.126126322254689560e-01
4.164619383258177376e-01
4.207207385853423132e-01
4.203931385716789260e-01
4.203112444261664638e-01
4.198198248602165727e-01
4.148239225900147154e-01
4.095004203061494708e-01
4.083538319577544318e-01
3.956593253001229882e-01
3.840295050402964261e-01
3.911548191560674237e-01
3.902539132360195451e-01
3.977068195685660168e-01
3.967240116979277587e-01
3.909909996283509326e-01
3.919737996857211026e-01
3.733824848542200425e-01
3.634725822644067628e-01
3.653562804285570009e-01
3.738739043874100276e-01
3.624078958584119881e-01
3.543816836276710847e-01
3.432432672908784510e-01
3.398034631875433975e-01
3.393939611987196736e-01
3.343980589367079870e-01
3.330876510524061751e-01
3.497133735824347056e-01
3.552825817590210544e-01
3.542997816934607136e-01
3.552825739293730134e-01
3.402129495498313339e-01
3.427518711893023928e-01
3.474201656080027067e-01
3.553644758881534527e-01
3.675675864114486546e-01
3.723996925773576661e-01
3.796888106188793799e-01
3.754300103347847917e-01
3.842752187053353197e-01
3.821458146730341010e-01
3.722359042863328527e-01
3.667485980767169473e-01
3.575757896925029766e-01
3.512694795379994739e-01
3.432432594939905379e-01
3.343980433101719774e-01
3.239967485254166002e-01
3.170352344205722428e-01
3.084357241130948335e-01
3.104013437773851525e-01
3.131040419961690358e-01
3.230958621467285297e-01
3.230139680094061827e-01
3.248976661735563654e-01
3.177723598546732253e-01
3.230958621631085381e-01
3.324324588301574290e-01
3.343161647993854180e-01
3.303030626029340722e-01
3.318591451350750288e-01
3.271089409197561748e-01
3.227682543116072167e-01
3.282555526997651407e-01
3.203112580625304129e-01
3.153972499460309664e-01
3.102375437582684525e-01
3.159705519457814971e-01
3.065520376770364819e-01
3.090909397833375150e-01
2.992629235421487843e-01
2.853399031457281021e-01
2.888616092160333770e-01
2.888616131144773336e-01
2.963964174991702283e-01
2.827191068693445941e-01
2.744471966001005847e-01
2.823915029572372504e-01
2.857494090084257699e-01
2.894349151142278642e-01
2.861589149202635740e-01
2.854218128932063392e-01
2.768223026021088828e-01
2.723177925596093063e-01
2.581490819051934782e-01
2.590499839104173918e-01
2.542997797032887086e-01
2.574938857681206006e-01
2.656838940949642902e-01
2.638001920241801468e-01
2.880426247797456818e-01
2.928747231241967675e-01
2.855856207092110077e-01
2.925471191875193555e-01
2.990991235148419691e-01
2.937756095192648464e-01
2.921376094099976672e-01
2.903358092898039033e-01
2.885340052875460803e-01
2.660933882459501354e-01
2.547092777609084591e-01
2.434070731494711592e-01
2.414414691362866128e-01
2.472563714529320000e-01
