3.090909241568017274e-01
3.068796416137138938e-01
3.223587601032912309e-01
3.233415602425616653e-01
3.307125724050257176e-01
3.248157719870939930e-01
3.233415367781877769e-01
3.380835611522560735e-01
3.452088674629490983e-01
3.528255620619503152e-01
3.493857735523911989e-01
3.488944086793168142e-01
3.491400911158540898e-01
3.601965976887884224e-01
3.628992919845582255e-01
3.751843278900575673e-01
3.847666226201794659e-01
3.759214220792769234e-01
3.636364095890113335e-01
3.719902218416056283e-01
3.776413163340563983e-01
3.995086001637799811e-01
4.071253182271551974e-01
3.914005172273304356e-01
4.046683063433524907e-01
3.987715059745607360e-01
3.847665992540856839e-01
3.909091054746484106e-01
3.963145175305620715e-01
4.083538007292525363e-01
4.058968122852538163e-01
4.095823300618177676e-01
4.090909183337058108e-01
4.100737183992660961e-01
4.393120378066875387e-01
4.461916616808433989e-01
4.503685678194256359e-01
4.466830499937216592e-01
4.552825680980870926e-01
4.631449920378033491e-01
4.695331807194732532e-01
4.014742237101344702e-01
3.985258235134535587e-01
4.012285178337934299e-01
3.916461996638676557e-01
3.683047040650416770e-01
3.508599619553997573e-01
3.776412929188225354e-01
3.918919289554424479e-01
4.039312355693670531e-01
4.054054239723756115e-01
3.992628943120091201e-01
3.982800942464487237e-01
4.090909417489395072e-01
4.081081416833792774e-01
4.063882239887958159e-01
4.085995299962575378e-01
3.997543294553548843e-01
3.771499046305143987e-01
3.560196681595423351e-01
3.695331631273354178e-01
3.579852682660929486e-01
3.616707860672269126e-01
3.648648921156788516e-01
3.530712913535252184e-01
3.383292670040270456e-01
3.410319612997968486e-01
3.316953490062121146e-01
3.560196915502061299e-01
3.486486559233681892e-01
3.560196681104023098e-01
3.390663611686762779e-01
3.380835611031159371e-01
3.407862554234557528e-01
3.375921493750039248e-01
3.243243368191780496e-01
3.312039372781001023e-01
3.272727136006251536e-01
3.324324431954314152e-01
3.422604438018942430e-01
3.464373499404765910e-01
3.523341737490721104e-01
3.552825739457530219e-01
3.621621743801051174e-01
3.793611871736021213e-01
3.702703041715922905e-01
3.963145175059918368e-01
4.046683297585863537e-01
4.103194242756070809e-01
4.272727546079967409e-01
4.282555546735570817e-01
4.226044602056763244e-01
4.211302483874341251e-01
4.179361423144121734e-01
4.149877187024975100e-01
4.081080948283416499e-01
4.014742237101344147e-01
3.894349170962098650e-01
3.847666226693194358e-01
3.788697988852939291e-01
3.859951051714170522e-01
3.968059058434402209e-01
3.997543060155510086e-01
3.958231057778799356e-01
3.825552698068202528e-01
3.828009990983951560e-01
3.542997504649590401e-01
3.692874806662281850e-01
3.759213986640429495e-01
3.599508917878773140e-01
3.560196915502061854e-01
3.385749728557979621e-01
3.437346556201368308e-01
3.314496431544410315e-01
3.196560423677176632e-01
3.245700427200891025e-01
3.429975614554875429e-01
3.577396092447894249e-01
3.501228911814143752e-01
3.579852682415228804e-01
3.444717732491597850e-01
3.459459616275983862e-01
3.518427619718201282e-01
3.675676098758224875e-01
3.727272691512172886e-01
3.756757162275057849e-01
3.852580109821978072e-01
3.668305156620331742e-01
3.828010225136287970e-01
3.837838225791892488e-01
3.692875041060320607e-01
3.719901984018018082e-01
3.685504099168127601e-01
3.422604907060720625e-01
3.427518789698102419e-01
3.253071602999721423e-01
3.184275364503864059e-01
3.199017248288248960e-01
3.203931365815069765e-01
3.017199354341413842e-01
3.073710533418259616e-01
3.265356662664434806e-01
3.230958543170806552e-01
3.174447832890037735e-01
3.159705714461912285e-01
3.230958543662206806e-01
3.282555370814191908e-01
3.255528662008832508e-01
3.277641487931110542e-01
3.378378318361112131e-01
3.312039373026702260e-01
3.277641487685410415e-01
3.262899369502986202e-01
3.090909475966054920e-01
3.186732657665310997e-01
3.022113237470196445e-01
3.199017717084324808e-01
3.046683473015840971e-01
2.945946290988782912e-01
2.972973233946481497e-01
2.928747114042949407e-01
2.889434994467218187e-01
2.879607228209653536e-01
2.882064170019745797e-01
2.840295108633922871e-01
2.737101102241492057e-01
2.756756868908959990e-01
2.884521111338436694e-01
2.884521228783155644e-01
2.744472044133685062e-01
2.734643926279063386e-01
2.695331923902351545e-01
2.550368738925079537e-01
2.486486734909360286e-01
2.503685794656175245e-01
2.447174732532649277e-01
2.552825797934190066e-01
2.805897106585012457e-01
2.695331923656650863e-01
2.850123226242844976e-01
2.894349346146376512e-01
2.931204406958697328e-01
2.830466990533600513e-01
3.063882181165598628e-01
2.869778993156012481e-01
3.012285119369874087e-01
2.960688057574148990e-01
2.842751932999295628e-01
2.624078860549720060e-01
2.547911914559707336e-01
2.385749669835621201e-01
2.442260732204847018e-01
2.471744734171656133e-01
