3.191373358671047433e-01
3.149741067503180614e-01
3.093775966308787151e-01
3.232323654059024443e-01
3.270543656540341182e-01
3.249386106296049403e-01
3.258941074446408126e-01
3.327873530075309838e-01
3.374283598077028601e-01
3.458231217142710423e-01
3.480753734786274922e-01
3.484848702504160789e-01
3.508736317972880325e-01
3.501911284962317961e-01
3.611111421921927023e-01
3.711438977037964659e-01
3.763991561658826535e-01
3.727136526918032322e-01
3.648648908011824510e-01
3.694376524800940254e-01
3.813814081123511057e-01
3.901856668111828297e-01
3.987169189807466818e-01
3.976249124036703719e-01
3.968059123558618229e-01
3.970106607417560607e-01
3.990581706380998961e-01
3.993311706494860891e-01
4.013786610126601206e-01
4.027436676079477196e-01
4.086814228600335053e-01
4.079989260700339071e-01
4.099781778161791790e-01
4.150969265162249844e-01
4.228091851422118297e-01
4.331149471830834097e-01
4.428064510509840956e-01
4.459459545022911864e-01
4.367321990316708757e-01
4.327054569087016023e-01
4.389162056747670793e-01
4.180999332003046964e-01
3.987169189739217523e-01
4.052006742692550456e-01
4.042451839721007412e-01
3.835654147690973348e-01
3.714168912314261273e-01
3.731231429730101912e-01
3.965329188350572576e-01
4.064291776067336937e-01
4.081354228304361897e-01
4.035626676694062387e-01
4.058831775771363781e-01
4.086131972719431182e-01
4.088861842543909941e-01
4.097051843021995987e-01
4.090909261292286492e-01
4.051324291479947437e-01
3.877969052847858311e-01
3.725771364323561818e-01
3.680043812576763163e-01
3.640458842559672892e-01
3.648648908216575171e-01
3.673219039735464153e-01
3.504641284939679080e-01
3.439121215731426595e-01
3.434343666648056459e-01
3.392711082687391855e-01
3.540131222196568617e-01
3.536718770733602302e-01
3.446628634844027261e-01
3.422741214775255614e-01
3.413186181650830764e-01
3.405678632317097887e-01
3.382473533171547753e-01
3.354490950121442605e-01
3.392028501390156325e-01
3.286923429677781061e-01
3.365411016028706515e-01
3.336745981629498647e-01
3.399536115766205180e-01
3.507371285258291116e-01
3.529211286715186469e-01
3.620666324961718807e-01
3.624761292747853414e-01
3.747611430549773193e-01
3.834289114976383583e-01
4.081354228304362453e-01
4.114114360506087031e-01
4.148239330158953186e-01
4.191919397978559614e-01
4.182364364785884914e-01
4.206251915144039177e-01
4.230139335212810270e-01
4.165984298650897699e-01
4.098416680473136453e-01
4.074529325514931188e-01
3.944854284787082666e-01
3.852716599996248714e-01
3.926426669682586135e-01
3.922331636854134995e-01
3.972836672641988365e-01
3.951679122534196287e-01
3.918236539119868134e-01
3.889571504788909562e-01
3.770133948466338758e-01
3.626126325394193883e-01
3.669123876890630909e-01
3.759896594009192183e-01
3.646601424152881576e-01
3.551051353009648803e-01
3.458913668082313486e-01
3.410456116358153156e-01
3.401583599420396897e-01
3.367458564793464615e-01
3.321048561970562640e-01
3.452771151667920480e-01
3.544908771552938154e-01
3.538766254797295896e-01
3.540813738587987869e-01
3.381108500661708649e-01
3.385886114923895573e-01
3.462326184655845074e-01
3.540813738519738019e-01
3.652061359406539864e-01
3.706661427954594523e-01
3.789244079689254030e-01
3.766039110628335851e-01
3.860224149125229820e-01
3.798116661532825455e-01
3.712804009752554424e-01
3.668441425541527634e-01
3.559241418666549972e-01
3.501228768639148559e-01
3.405678567274782464e-01
3.353808433730023353e-01
3.252116008812311332e-01
3.187278293219063530e-01
3.108108288210817971e-01
3.092410901243665133e-01
3.131995968790104445e-01
3.210483587628062963e-01
3.216626169426022308e-01
3.259623655880143911e-01
3.184548618521532704e-01
3.245291073604098520e-01
3.318318627035516943e-01
3.323778627263240248e-01
3.328556111304294962e-01
3.291018430087449542e-01
3.276685912785469168e-01
3.242561073353736334e-01
3.277368559261521486e-01
3.205706038476441866e-01
3.155201067867404729e-01
3.105378450805120760e-01
3.145646002255947371e-01
3.077395932865582551e-01
3.119028419160397858e-01
2.985940731774385792e-01
2.835790527109031678e-01
2.867868077808770622e-01
2.885613143966564431e-01
2.929293114188571412e-01
2.818045558412336504e-01
2.720447938436094670e-01
2.832378075646065363e-01
2.861043109840523679e-01
2.882883111365669437e-01
2.845345625344021800e-01
2.867185626459667347e-01
2.800983041064745160e-01
2.744335456238965465e-01
2.622167867178998857e-01
2.613977899119696024e-01
2.562790347145172953e-01
2.557330346780948838e-01
2.641960417195734490e-01
2.600327865790353354e-01
2.878105724853963765e-01
2.897215693505213463e-01
2.854900690750729608e-01
2.899945660995542074e-01
2.969560730545213190e-01
2.968195632924807703e-01
2.912230596772731328e-01
2.923150597432928044e-01
2.870598045435599488e-01
2.626262802136850039e-01
2.504777696776520624e-01
2.456320242718208757e-01
2.439257725507117391e-01
2.499317761795862569e-01
