3.182695944101904262e-01
3.146718588200703715e-01
3.137943545758550834e-01
3.221306113929157666e-01
3.277466117412210500e-01
3.247631157278779157e-01
3.268690991344222474e-01
3.327483474249987028e-01
3.404703646477322265e-01
3.454721254192604230e-01
3.473148776087006118e-01
3.476658692607564327e-01
3.498596298800696336e-01
3.499473736074043551e-01
3.574938866239764645e-01
3.743419044116092498e-01
3.812741611262372987e-01
3.748684086324100551e-01
3.666198955514591296e-01
3.763601524534023191e-01
3.754826649431291519e-01
3.911899138454333902e-01
4.034749146298371447e-01
3.976834184467288869e-01
3.992629060038309086e-01
4.003159144454325746e-01
4.025096750384206667e-01
3.988241706156653854e-01
4.018954103475680384e-01
4.032994104412256364e-01
4.076869232646183616e-01
4.094419317354986987e-01
4.103194276083555470e-01
4.128641714995908707e-01
4.273429412395660654e-01
4.373464460574554846e-01
4.396279503865532234e-01
4.481397030120919389e-01
4.388381982322562824e-01
4.381361981854275389e-01
4.431379589569557353e-01
4.078624274444546671e-01
3.992629227289978822e-01
4.032116750764744295e-01
4.055809398668489552e-01
3.812741611350123350e-01
3.665321351165073405e-01
3.786416484374665603e-01
3.972446663246212983e-01
4.012811707707911180e-01
4.075114190760068533e-01
4.075991711834750508e-01
4.069849232353394686e-01
4.089154442749648455e-01
4.097051880228033127e-01
4.083889316652555279e-01
4.108459318116062242e-01
4.026851708556736242e-01
3.838189050350227505e-01
3.723236396709741491e-01
3.678483747488882627e-01
3.592488783784649753e-01
3.627588869664173932e-01
3.653913996639630013e-01
3.472271338725909096e-01
3.425763731157021041e-01
3.409091167347398366e-01
3.395050999159152094e-01
3.556511260368527827e-01
3.508248694539360946e-01
3.471393650399556274e-01
3.402948687866041988e-01
3.388031082404450167e-01
3.425763647531185341e-01
3.360828434178810831e-01
3.353808433798272648e-01
3.396805957507181284e-01
3.302035867910461664e-01
3.351176038352396414e-01
3.337136037415819878e-01
3.409091083809313583e-01
3.515268778808983141e-01
3.532818779979702839e-01
3.661811434556764833e-01
3.644261349760210544e-01
3.696911436634953696e-01
3.841699050408871052e-01
4.094419233729152396e-01
4.133906840917502268e-01
4.179536927411707792e-01
4.213759408590714295e-01
4.202351886989100782e-01
4.220779492772587238e-01
4.193576760833363504e-01
4.153211716459416225e-01
4.092664191755287506e-01
4.075114274385903679e-01
3.939101703054138093e-01
3.829414007908075179e-01
3.905756659148478804e-01
3.882941615769751054e-01
3.972446663333962791e-01
3.961916579005695938e-01
3.925061534865893487e-01
3.909266492043202423e-01
3.746051356287133927e-01
3.630221348823634564e-01
3.679361351926149770e-01
3.761846566273744363e-01
3.636363995644411040e-01
3.541593822158605187e-01
3.431906210550626501e-01
3.418743647150647158e-01
3.376623560715085737e-01
3.327483557612572196e-01
3.333626037181676161e-01
3.485433735049717208e-01
3.531941259080521034e-01
3.564408865712833108e-01
3.532818696178367524e-01
3.399438520467978897e-01
3.432783731713059394e-01
3.466128608103797859e-01
3.599508784077437573e-01
3.666198871888756705e-01
3.731133917813960754e-01
3.767111608481751861e-01
3.778519129995616121e-01
3.810109132015160882e-01
3.793436651919123714e-01
3.723236563873660865e-01
3.666198955602340548e-01
3.580203908360023446e-01
3.485433735049717208e-01
3.431906127012541163e-01
3.340645953760879583e-01
3.266058512009260562e-01
3.193225861003000654e-01
3.088803207977196541e-01
3.095823417729445803e-01
3.121270898410843375e-01
3.238856115012127002e-01
3.230081156371310547e-01
3.247631157454279327e-01
3.177431152946900705e-01
3.227448593498262741e-01
3.314321077926178916e-01
3.359073643433451162e-01
3.303791160937332161e-01
3.339768433212698673e-01
3.269568428617569134e-01
3.258161074355376274e-01
3.276588512711692269e-01
3.187961069935748015e-01
3.187083548948815293e-01
3.080028416675798519e-01
3.150228546753554570e-01
3.066865894957113148e-01
3.088803375404366447e-01
3.012460765933005491e-01
2.831695503611338927e-01
2.891365590954370623e-01
2.879958111034048862e-01
2.944015677916863583e-01
2.830818066162492097e-01
2.750965456632487038e-01
2.830818024393449428e-01
2.868550589344684987e-01
2.907160675633853053e-01
2.838715671506796823e-01
2.838715587529961892e-01
2.746577977268203075e-01
2.723762933977225686e-01
2.586872841746278295e-01
2.609687843092713400e-01
2.542997797050436382e-01
2.550017797518724927e-01
2.650930450310385877e-01
2.657072929791741700e-01
2.891365758206040359e-01
2.909793238419148831e-01
2.869428235814244776e-01
2.909793196474606547e-01
2.986135722320132913e-01
2.929098072367520844e-01
2.933485593500846922e-01
2.913303113082916229e-01
2.861530505338313324e-01
2.671990409682956646e-01
2.549140276356292589e-01
2.428045226948035151e-01
2.421902705785387300e-01
2.484205230606587878e-01
