3.736784146550338748e-01
3.624449342995307299e-01
3.667400871629996617e-01
3.925110148468348159e-01
4.233480224215351306e-01
4.323788563779820682e-01
4.018722476011689082e-01
4.089207097763357668e-01
3.952643189070219054e-01
3.787444892943883090e-01
3.791850175238974385e-01
3.800660792344262573e-01
3.887665196444968219e-01
4.172907566400298474e-01
4.129956037765609156e-01
4.236784212194223409e-01
4.291850240882858492e-01
4.253303994543259914e-01
4.201541901318389671e-01
4.262114611648549212e-01
4.481277642147302176e-01
5.327092525501140319e-01
5.396475905451695310e-01
5.497797503268999630e-01
6.177313058755818931e-01
6.356828496083645197e-01
6.582599450025033994e-01
6.820484588929727199e-01
6.083700521152047846e-01
5.696035469123623685e-01
5.511013402669379113e-01
5.587004496002142551e-01
5.564978137041796113e-01
5.552863531957635823e-01
5.599119101086302841e-01
5.595815165622538556e-01
5.595815165622538556e-01
5.575991342779522686e-01
5.775330550435259225e-01
5.856828272894439857e-01
5.876652148252563546e-01
5.796255615079386470e-01
5.518722515398020168e-01
5.503304132395416826e-01
5.379956070587550432e-01
5.169603657194087321e-01
5.189427480037103191e-01
5.379956123102658250e-01
5.244493508725739384e-01
5.464757886055817693e-01
5.786343808688092505e-01
5.711453904641333734e-01
5.703744581852264739e-01
5.979075040386085949e-01
6.365639060673827787e-01
6.106828437004150345e-01
5.937224806067616933e-01
6.186123413285571360e-01
6.425110319142446347e-01
6.505506852315623423e-01
6.290749051596853381e-01
6.357929632854543156e-01
6.238986800826661350e-01
6.025330504484539551e-01
5.921806318034799066e-01
5.646475912016083454e-01
5.463656539224491793e-01
5.437224792938838425e-01
5.411894445999620995e-01
5.273678569574600239e-01
4.915748989235163569e-01
4.539647711329916069e-01
4.629955998379278737e-01
4.721365737290181275e-01
4.846916335215378235e-01
4.892070504997613201e-01
4.950440574180227093e-01
5.020925195931895679e-01
4.942731408936479331e-01
5.297357001297043899e-01
5.505506878573177554e-01
5.709251368524004278e-01
5.553965036334284067e-01
5.634361516992352215e-01
5.511013455184486931e-01
4.992290913528912855e-01
4.871696166284255614e-01
5.009361421808720127e-01
5.496696313982994964e-01
5.508810866552048546e-01
5.297357053812150607e-01
5.618943081474642165e-01
5.944934128856687039e-01
5.929515483278546828e-01
5.700440593873392636e-01
5.683920811524355576e-01
5.669603565292649083e-01
5.604625677697614439e-01
5.498898850100324420e-01
5.702643340051152254e-01
5.483480309552400955e-01
5.612334947971575616e-01
5.089207229051125880e-01
5.399779945945674120e-01
5.738986945243206295e-01
5.963656499838160263e-01
5.965859193500814284e-01
6.252202962802577701e-01
6.100220461046406140e-01
6.240088147657988360e-01
6.273127817386277005e-01
6.243392083121752645e-01
5.850220244421590055e-01
5.720815037616964194e-01
5.506057394443517605e-01
5.522026608407106796e-01
5.446035357529021015e-01
5.571586060484431391e-01
5.574889943433090078e-01
5.547356955346324225e-01
5.534141055945945853e-01
5.588105842833468451e-01
5.483480257037294248e-01
5.437224740423732827e-01
5.353524324301898174e-01
5.151982528013723250e-01
5.254405472662353471e-01
5.467511148103918472e-01
5.440528833432818345e-01
5.540749136933903474e-01
5.422907704252455385e-01
5.209251250365011243e-01
5.263215984737429354e-01
5.144273310254867670e-01
5.136564039980906493e-01
5.398678599114348220e-01
5.506608225404503454e-01
5.373348252175128570e-01
5.327092683046461552e-01
5.310572900697424492e-01
5.219163109271413026e-01
5.161894386920125033e-01
5.444383389797138317e-01
5.481277720919962571e-01
5.417401075126037080e-01
5.471365809498454080e-01
5.333700553973990122e-01
5.198237992112177963e-01
5.148678487519745550e-01
4.912995674671954971e-01
4.835903234507865633e-01
4.898678533470464669e-01
4.825991270571249880e-01
4.936123380463628973e-01
4.982378897077189839e-01
5.312775489329861767e-01
5.354625723648333002e-01
5.270925255011390531e-01
5.922907874926554017e-01
6.109030920606373094e-01
6.009912121481936209e-01
5.831497925955221318e-01
5.792951627100515477e-01
5.943832676995144393e-01
5.854625684262002583e-01
5.661894400048901321e-01
5.617841629613100629e-01
5.409691752336968085e-01
5.170704951510305403e-01
5.124449487411852910e-01
4.841409758604068858e-01
4.612335026744237010e-01
4.570484582365336723e-01
4.356828233508108772e-01
4.525330465098209021e-01
4.082599121805613462e-01
3.894273119887604606e-01
3.671806206440195175e-01
3.655286424091158115e-01
3.115088144375793844e-01
2.414096903344290224e-01
2.188876622818564655e-01
1.710903021165242621e-01
1.584251023893611943e-01
1.653634298813953796e-01
1.445925102061141609e-01
1.294493405008402542e-01
1.568722464195790312e-01
1.656828215127822135e-01
1.904625475514450383e-01
2.028634334918089921e-01
2.100220198470870159e-01
2.099118904154651521e-01
