3.826480650104119308e-01
3.624571732370490129e-01
3.699216822656811732e-01
3.859520296492359726e-01
4.202153713989030259e-01
4.397944213265647662e-01
4.058981893523279094e-01
4.093245258612994153e-01
3.980665705482656080e-01
3.771414533890304899e-01
3.805677898980019402e-01
3.797112101470179746e-01
3.901125798740559536e-01
4.225403902516078336e-01
4.151982472581111638e-01
4.231522320973088447e-01
4.268233006765512205e-01
4.275575143923997512e-01
4.199706393286322115e-01
4.269456783817104917e-01
4.505629066640448599e-01
5.282672586939789472e-01
5.423397086702830272e-01
5.384239021857577523e-01
6.233480428440768550e-01
6.346059981571106068e-01
6.535732062390712249e-01
6.800048883395926058e-01
6.175966816473887899e-01
5.779491176515233475e-01
5.586147997941325327e-01
5.556779390957267140e-01
5.515173947059187620e-01
5.561674090712805940e-01
5.495594856286440955e-01
5.611845507171081548e-01
5.573911102677183704e-01
5.578805860782840575e-01
5.800293869289214754e-01
5.890846894243859655e-01
5.833333457327336546e-01
5.811306987501763111e-01
5.515173830358949258e-01
5.485805340075129433e-01
5.343857179960732617e-01
5.234948724584697066e-01
5.168869490158334301e-01
5.403818112630323078e-01
5.243514580444654793e-01
5.461331549546846187e-01
5.744004092724045440e-01
5.795399111183557883e-01
5.671806206440195286e-01
6.092755928677726640e-01
6.387665483819305878e-01
6.111111359099117291e-01
5.889623292242625041e-01
6.271414657884308852e-01
6.431718306770214388e-01
6.472100090316940113e-01
6.250612023460446753e-01
6.302006925219720834e-01
6.223690678828979195e-01
6.003426389024077992e-01
5.964268382528945533e-01
5.651003572016333187e-01
5.539647737587469756e-01
5.412383851790042444e-01
5.402594393928850103e-01
5.253915956006705024e-01
4.900269303597248882e-01
4.514194980850526617e-01
4.618208561420666936e-01
4.744248728516619051e-01
4.838472851225567029e-01
4.882525732526594719e-01
4.955947162461561417e-01
5.017131755482506783e-01
4.938815625792002395e-01
5.211698652757887906e-01
5.544542612393364989e-01
5.701175046824730197e-01
5.490700214881024666e-01
5.613069342572793996e-01
5.499266012390863212e-01
4.984092167444384436e-01
4.903940401351550848e-01
4.930861629282781156e-01
5.533529435830697452e-01
5.440528915122985198e-01
5.261870010866045444e-01
5.614293061274268082e-01
5.931228794490824852e-01
5.948360272810264693e-01
5.658345592474579577e-01
5.662016748579001835e-01
5.657121932123225783e-01
5.559226770010096130e-01
5.499265954040742921e-01
5.651003572016333187e-01
5.463778870249555997e-01
5.606950690715305496e-01
5.057513655729469759e-01
5.438081477720038137e-01
5.691385355563060022e-01
5.958149905721814577e-01
5.985071133653045994e-01
6.261625375073472943e-01
6.093979647379200726e-01
6.177190418475123623e-01
6.275085697288491637e-01
6.261625024972757858e-01
5.817425347608655706e-01
5.722589365548970131e-01
5.580641322134813898e-01
5.528634561024802219e-01
5.430739223861313913e-01
5.465002588951028972e-01
5.577582083731248419e-01
5.559226770010095020e-01
5.463778811899436816e-01
5.598384834855347769e-01
5.542095058290179566e-01
5.394028479718772084e-01
5.392804819367417180e-01
5.102790197381852355e-01
5.275330566481541972e-01
5.512114650305501851e-01
5.447870993931350769e-01
5.522516142567791553e-01
5.414831347543109796e-01
5.252080436304613631e-01
5.256975194410270502e-01
5.102790197381852355e-01
5.072197871696321192e-01
5.461331549546846187e-01
5.517621442812254973e-01
5.389133896663472756e-01
5.296133317605642432e-01
5.325501924589700620e-01
5.176211568966699872e-01
5.138277164472803138e-01
5.414219371492134947e-01
5.479686921618118767e-01
5.412383968490280806e-01
5.398923296174547026e-01
5.274106847780068996e-01
5.197014320090800332e-01
5.097895322575958232e-01
4.831130772417201458e-01
4.960842037267456650e-01
4.916789155966429514e-01
4.860499321051139909e-01
4.954723502110207622e-01
4.997552664709761228e-01
5.285120082692854604e-01
5.314488631326794721e-01
5.275330566481541972e-01
6.005874118177622067e-01
6.145374549138473697e-01
5.959373741123527024e-01
5.811307045851882291e-01
5.783162099219177898e-01
5.970386742635837019e-01
5.844346633890004084e-01
5.668135225386131681e-01
5.619187702679685481e-01
5.387910061261761419e-01
5.165198334053912044e-01
5.138277222822922319e-01
4.789525270169002202e-01
4.725893531495705679e-01
4.536221217275622219e-01
4.363680906526052339e-01
4.543563471134345333e-01
4.069995128436065812e-01
3.896231040634903220e-01
3.672295711425820341e-01
3.651492960301720436e-01
3.161404823584381130e-01
2.307880576596389455e-01
2.148188903761458768e-01
1.772515839876548094e-01
1.601199131128212549e-01
1.691752272783096367e-01
1.462310296942560539e-01
1.304943730485513820e-01
1.546010771414513263e-01
1.618208540998125611e-01
1.910058682685781550e-01
2.054576582053129208e-01
2.088839888792725086e-01
2.059471340158786079e-01
