3.715124815675255321e-01
3.634361263169332834e-01
3.672907483251378058e-01
3.973935413087378854e-01
4.207966275708321935e-01
4.304331891557318102e-01
4.090491949884797473e-01
4.127202679439810340e-01
3.967511064954998834e-01
3.883994101608171934e-01
3.855543298237749106e-01
3.824339215314189189e-01
3.853707763948128195e-01
4.158406806125960475e-01
4.115271728438568144e-01
4.308003003899150141e-01
4.255690167238472821e-01
4.236417079078744763e-01
4.228157152894154724e-01
4.272210063370242561e-01
4.433737255907264641e-01
5.253303994543261357e-01
5.404735770368660486e-01
5.600220412907558343e-01
6.222467193527981832e-01
6.296806441664112297e-01
6.564794710524343158e-01
6.865822421547397303e-01
6.183003096894653661e-01
5.727790242967882861e-01
5.599302667644042719e-01
5.588289374381136820e-01
5.524045630481806413e-01
5.566262962905682565e-01
5.687408444833627064e-01
5.605727059539010737e-01
5.602973692460694322e-01
5.558003080483681080e-01
5.718612440232008209e-01
5.854442108951745105e-01
5.940712395614298202e-01
5.709434768783901992e-01
5.528634444324563857e-01
5.469897347056685843e-01
5.412995740315839077e-01
5.231277670592984208e-01
5.200073587669423736e-01
5.350587530706129025e-01
5.189978083432623679e-01
5.412995784078428185e-01
5.727790199205292643e-01
5.719530229258112941e-01
5.676395107808132057e-01
5.939794562825603252e-01
6.305066367848702891e-01
6.102239544388731174e-01
5.923274710456424286e-01
6.107746103495005352e-01
6.442731483332880815e-01
6.507893016258318175e-01
6.339023686562811344e-01
6.379405440934476923e-01
6.223384807503730132e-01
6.040748948754769421e-01
6.023311394884662828e-01
5.555249800930543991e-01
5.480910596557002634e-01
5.441446543686262460e-01
5.452459793186579251e-01
5.247338628449111919e-01
5.027074294881622718e-01
4.614537580366603886e-01
4.655837080001785644e-01
4.732929607691054308e-01
4.808186557328112953e-01
4.931167398495321375e-01
4.939427368442501076e-01
4.982562489892481961e-01
4.892621265938455477e-01
5.229442136303362743e-01
5.458884272606727706e-01
5.673641959542763402e-01
5.585536226115768166e-01
5.672724214279247779e-01
5.571769740824903394e-01
4.963289445495344121e-01
4.912353292373825009e-01
4.880231464186748913e-01
5.417584685446367176e-01
5.572687529851009236e-01
5.247797566724753393e-01
5.708517198570745022e-01
5.973752056590070358e-01
5.812224732765278734e-01
5.746145454576326861e-01
5.624082314910043845e-01
5.603891350199031729e-01
5.644273235858466853e-01
5.581865070011345908e-01
5.613069152934906381e-01
5.546072085719849776e-01
5.546989874745954507e-01
5.137665378059713683e-01
5.405653646919944544e-01
5.741556728258747633e-01
5.935205705220255590e-01
6.011380531408598848e-01
6.213289565842464723e-01
6.096732985282456996e-01
6.110499339285553333e-01
6.190345102765369978e-01
6.184838543659095800e-01
5.895741521061749202e-01
5.791574917303803360e-01
5.485040515886707713e-01
5.546072085719848666e-01
5.463472955161716715e-01
5.533223345692500628e-01
5.525881121008837660e-01
5.493759292821760454e-01
5.524963419507911144e-01
5.586453840091515355e-01
5.541483228114502113e-01
5.460719588083401410e-01
5.348751908891329343e-01
5.119309991400912141e-01
5.249174162738732274e-01
5.435481046304345698e-01
5.466226322240033131e-01
5.555249888455723317e-01
5.421255710263018779e-01
5.222099999144877991e-01
5.328561075468086772e-01
5.147760794771335524e-01
5.189519232682160421e-01
5.453377582212683983e-01
5.501101605030603858e-01
5.392804906892595396e-01
5.312041266861495803e-01
5.297357036307116518e-01
5.255139616358059929e-01
5.199155754880729896e-01
5.352881915746213748e-01
5.452459793186579251e-01
5.419420175973397313e-01
5.497430448926182711e-01
5.337738746916191879e-01
5.177129299642686533e-01
5.058737228555646448e-01
4.991740161340588178e-01
4.920154324045362126e-01
4.905470005965803515e-01
4.862334884515821520e-01
4.938509579416394679e-01
4.991740161340589288e-01
5.343245393547645383e-01
5.467144023740959646e-01
5.370778451654552033e-01
5.925110507321581510e-01
6.048091129675842170e-01
6.031571452357019636e-01
5.817731423159321347e-01
5.808553707948626021e-01
5.920521343378107870e-01
5.877386309453304092e-01
5.690161724386765263e-01
5.655286485358782533e-01
5.412995696553249969e-01
5.205580146775697914e-01
5.100036815716006977e-01
4.805433277774975864e-01
4.656754956553069147e-01
4.631057301448014418e-01
4.361233542060753421e-01
4.517254131728911659e-01
4.154735693784128436e-01
3.902349488266973476e-01
3.727055854201676843e-01
3.705029442726222588e-01
3.228248940549283685e-01
2.405469896559329357e-01
2.163638002266849159e-01
1.734122540869597884e-01
1.665289939364918981e-01
1.590032989727860890e-01
1.406846531959639324e-01
1.437591786014031092e-01
1.543961092187146056e-01
1.500917762768551600e-01
1.816629901277637404e-01
1.987885473688499882e-01
2.100770898144087295e-01
2.128303912488405114e-01
