3.839482362262916504e-01
3.586178433363540474e-01
3.690803953515832125e-01
3.875275280910529530e-01
4.233204861249965645e-01
4.289647573477759490e-01
4.051486769645815667e-01
4.099669643214198245e-01
4.007433946694907156e-01
3.781662900852080789e-01
3.719713651399307874e-01
3.780286348600691015e-01
3.931718058782207592e-01
4.189152038299057690e-01
4.164372325389171792e-01
4.281387734818348223e-01
4.252477971290988257e-01
4.304790764189076469e-01
4.218061736182533439e-01
4.245594816170735197e-01
4.431442827104590254e-01
5.353799595365846820e-01
5.286343743044209509e-01
5.426762313131882065e-01
6.252753531188025571e-01
6.372522373339402080e-01
6.581773413643985382e-01
6.733204795606082538e-01
6.219713782687077419e-01
5.819108194223657771e-01
5.496971532531834681e-01
5.653909845582214544e-01
5.518998009651173708e-01
5.539647671943586094e-01
5.524504546876152222e-01
5.589207229051125214e-01
5.576817405418124096e-01
5.576817405418125206e-01
5.795705033565161646e-01
5.915473678784886058e-01
5.853524298044344709e-01
5.729625667851030446e-01
5.469438386899749815e-01
5.484581643254951011e-01
5.324889963126254733e-01
5.159691745772578830e-01
5.207874619340961964e-01
5.392346012379543030e-01
5.302863617294684140e-01
5.499724833966266324e-01
5.775055239984980826e-01
5.748898843535936720e-01
5.761288601525054176e-01
6.094438468954603838e-01
6.303689771834724009e-01
6.174284407484778026e-01
5.860407650096250975e-01
6.273403127836554294e-01
6.493667636454401038e-01
6.442731527095471034e-01
6.254130083439415344e-01
6.325715920734642506e-01
6.273403127836554294e-01
6.025605801806040995e-01
5.922356965192907552e-01
5.644273257739761407e-01
5.534141134718606470e-01
5.440528754660156618e-01
5.370319535260205113e-01
5.197549689728929723e-01
4.915335997302193172e-01
4.505782097122016938e-01
4.570484648009221496e-01
4.727422961059600803e-01
4.863711480529800402e-01
4.874724686267527529e-01
4.964207081352386419e-01
4.998623447748610227e-01
4.943557419059974034e-01
5.206498001445688528e-01
5.576817471062009979e-01
5.742015754059568433e-01
5.501101583149309304e-01
5.565804265324282296e-01
5.458425378093674230e-01
4.920154324045362126e-01
4.922219283710215776e-01
4.940115775855963842e-01
5.505231568122899155e-01
5.476321870239422296e-01
5.199614715037665924e-01
5.640143535341708425e-01
5.970539838761290685e-01
5.940253326050888294e-01
5.637389905687855141e-01
5.686949462795396482e-01
5.634636604253423497e-01
5.546530958351607588e-01
5.485958326794106998e-01
5.670429654188805513e-01
5.418502343184703474e-01
5.536894370509153340e-01
5.050936306290582101e-01
5.417125790933313700e-01
5.674559639162395364e-01
5.894823950848588900e-01
5.925110332271223967e-01
6.278909993280954449e-01
6.086178630295193681e-01
6.153634416972946219e-01
6.291299619982302360e-01
6.276156363627102275e-01
5.812224710883984180e-01
5.755093656886611786e-01
5.577505615899935876e-01
5.532764516823333034e-01
5.451541960397884301e-01
5.514867959033699085e-01
5.546530958351607588e-01
5.622246846264307152e-01
5.439152005477115859e-01
5.575440656235082226e-01
5.527257782666701313e-01
5.367566168181889807e-01
5.379956057458774588e-01
5.141795319270714426e-01
5.309746903702705634e-01
5.452230236523578633e-01
5.408865820986133999e-01
5.565804199680397524e-01
5.477698488134696841e-01
5.283590507253661528e-01
5.227147729381984576e-01
5.129405495637713308e-01
5.148678540034852258e-01
5.457048628910632360e-01
5.535517949545533112e-01
5.458425378093674230e-01
5.286343808688094281e-01
5.324890094414023167e-01
5.212004538670667042e-01
5.169328333615033078e-01
5.409554031467944668e-01
5.458425312449790567e-01
5.435022283079061767e-01
5.371696153155478548e-01
5.218887759434804874e-01
5.174834936483896364e-01
5.130781982245220529e-01
4.939427368442500521e-01
4.977973719812313624e-01
4.932544147678363244e-01
4.862334862634526411e-01
4.958700478483523133e-01
5.013766572816042988e-01
5.269823934437618540e-01
5.323513345230981297e-01
5.273953919411208391e-01
5.985683226404259205e-01
6.143997894774375634e-01
5.960903316562720100e-01
5.790198365052414697e-01
5.757158616551464325e-01
5.988436199619270317e-01
5.792951600842961568e-01
5.711729241349166042e-01
5.569934184653987375e-01
5.397852549604522654e-01
5.185848142221622936e-01
5.181718222891917858e-01
4.778359070418531362e-01
4.687500254370050579e-01
4.457599092265865925e-01
4.392896541378661368e-01
4.567731346574789297e-01
4.094163040345334403e-01
3.924834838018069760e-01
3.598568322640425809e-01
3.626101402628627568e-01
3.133948262483845504e-01
2.261839196168056176e-01
2.062912954187736958e-01
1.733893071731776869e-01
1.637527455882780147e-01
1.690528590550447186e-01
1.496420675313296367e-01
1.360682842387537228e-01
1.507296291469768790e-01
1.634636564867093800e-01
1.972742217333299242e-01
2.063601295957315784e-01
2.082874405998338396e-01
2.023678392336113463e-01
