3.745494588701309135e-01
3.607328821236900906e-01
3.668402076925709188e-01
3.900680836644623284e-01
4.197036477487683936e-01
4.296155400738737584e-01
4.021826219112138445e-01
4.100921131930961305e-01
3.928714498990753534e-01
3.835602683387355216e-01
3.857629142603816175e-01
3.864637570125600274e-01
3.855626741560593262e-01
4.188025696663683073e-01
4.140969248277437398e-01
4.330196313955543830e-01
4.285142171130507660e-01
4.226071316484922291e-01
4.216059311268807175e-01
4.303163876001528942e-01
4.468362129160958762e-01
5.283340022126860047e-01
5.375450661079148595e-01
5.544653716325024240e-01
6.259511700352787811e-01
6.297557367915033177e-01
6.601922612930987144e-01
6.828193883074192838e-01
6.083300074362107956e-01
5.687825605750006508e-01
5.575691051847498914e-01
5.516620053978894544e-01
5.493592465852331630e-01
5.562675325714032670e-01
5.634761906493083172e-01
5.617741473755184511e-01
5.615739024970953785e-01
5.566680175541485198e-01
5.709851969484454060e-01
5.840008132775970084e-01
5.936123526073698864e-01
5.768922824130039428e-01
5.516620006237887841e-01
5.462555225811870363e-01
5.405486724468501203e-01
5.188225996444263410e-01
5.213256081096062644e-01
5.337405041257908822e-01
5.202242803746824906e-01
5.463556450203984616e-01
5.806968539433291498e-01
5.720865151351677280e-01
5.703844718613777509e-01
5.950140333376260360e-01
6.351622243823064062e-01
6.097316977146682859e-01
5.952142686678477679e-01
6.139367351313361754e-01
6.468762728722119437e-01
6.493792765632911967e-01
6.355626950427497590e-01
6.340608870991814028e-01
6.216459815347955553e-01
6.057268813059200063e-01
5.966159493981039175e-01
5.620745051449514973e-01
5.494593690244445883e-01
5.436523964508962470e-01
5.429515584728185074e-01
5.235783104767574025e-01
4.964457453094299200e-01
4.574489527674803768e-01
4.668602376706289525e-01
4.720664899312103646e-01
4.816780197127820684e-01
4.901882265335305022e-01
4.940929157289666307e-01
4.994994080938703340e-01
4.896876382079764500e-01
5.270324534698423991e-01
5.440528909818429515e-01
5.708850888315359917e-01
5.578694677282837189e-01
5.636764403018320602e-01
5.533640629939813316e-01
4.979976144726039888e-01
4.863336128800022085e-01
4.986483960051767417e-01
5.441530086469538174e-01
5.552663511461942702e-01
5.255306598485760539e-01
5.697837754189142290e-01
5.956147584246938020e-01
5.841009261686070930e-01
5.738886760740685711e-01
5.626752206838178116e-01
5.662795377875187164e-01
5.657789446878640494e-01
5.592711436844391981e-01
5.672807526314322946e-01
5.545654940717139603e-01
5.611734222884507961e-01
5.145174397885470263e-01
5.408490397644846182e-01
5.748898861438814789e-01
5.945134306897699172e-01
5.984181198852061012e-01
6.249499742877678843e-01
6.064277336062997570e-01
6.188426200742832561e-01
6.232479023693739961e-01
6.187424976350718309e-01
5.877052432723082198e-01
5.783440148146644644e-01
5.505106259915613087e-01
5.517621326112015501e-01
5.445534745332962778e-01
5.557669346976477076e-01
5.577693309667702826e-01
5.493592418111323816e-01
5.587705362624825201e-01
5.589707763668047003e-01
5.484581589546317915e-01
5.447537098635181207e-01
5.375450613338140782e-01
5.125150339712232217e-01
5.236283716963631152e-01
5.411994539794227066e-01
5.437525236642084536e-01
5.560673067893828758e-01
5.425510830382745953e-01
5.186223595401039388e-01
5.273328112392756672e-01
5.165198408317700496e-01
5.171205611447370343e-01
5.409491574295953731e-01
5.520625047029367183e-01
5.394473590342283575e-01
5.316379806433563227e-01
5.269323405788323145e-01
5.244293273395517208e-01
5.193231975181819005e-01
5.384962101840212734e-01
5.474569679812215650e-01
5.401481970123060972e-01
5.473568455420100287e-01
5.334401415822570547e-01
5.203243980397934676e-01
5.113135837970881337e-01
4.967961642984687898e-01
4.865839142039302678e-01
4.912895590425549464e-01
4.815779020476711469e-01
4.941930333940774411e-01
4.976972423808689316e-01
5.318382207476786139e-01
5.475570808722317606e-01
5.302362999131000620e-01
5.899079273867594564e-01
6.083300026621100143e-01
6.023228090806420632e-01
5.830997304210963073e-01
5.806968491692284795e-01
5.949139013502132700e-01
5.882058602424661276e-01
5.691830360095445629e-01
5.639767885230638766e-01
5.412495104249278599e-01
5.183219969965702223e-01
5.086103447757871487e-01
4.836804255301058730e-01
4.662595316799640344e-01
4.612535052014028469e-01
4.385262366514682264e-01
4.474369332290626944e-01
4.107929511711738146e-01
3.918702446033631159e-01
3.703444166793623538e-01
3.717461021837191737e-01
3.171305624082267349e-01
2.378854611564858723e-01
2.142070437563441121e-01
1.685522570039512114e-01
1.571385567352774348e-01
1.624449266609696851e-01
1.425610718891024697e-01
1.379054858830332519e-01
1.554165004314867760e-01
1.569283148900554870e-01
1.870644720740163025e-01
1.979375245384298043e-01
2.119543413891929740e-01
2.090508574894691385e-01
