3.763582990941397588e-01
3.671806188935159421e-01
3.616005876510531847e-01
3.917768011309863407e-01
4.223201232193472543e-01
4.212922205161522271e-01
4.069016176814935215e-01
4.145374473283319205e-01
4.009544813316100464e-01
3.941262815206941772e-01
3.923641686026578812e-01
3.838472824968013342e-01
3.891336282529246349e-01
4.168135115979658134e-01
4.151248253030251356e-01
4.278267313397214888e-01
4.209985315288056751e-01
4.242290788805532231e-01
4.252569780827411550e-01
4.264317235291058550e-01
4.441997164586819480e-01
5.193832639796945871e-01
5.490455331100443370e-01
5.675477432564759450e-01
6.073421616655347854e-01
6.238619930286719573e-01
6.629956278459850916e-01
6.856094102941181490e-01
6.254772491995100880e-01
5.805433347795118104e-01
5.720998717957436197e-01
5.608663826877227088e-01
5.522026573397035287e-01
5.592511160138632365e-01
5.673274773912176938e-01
5.669603687827898808e-01
5.517621256091872484e-01
5.655653574711670961e-01
5.681351107281475965e-01
5.817180767248694151e-01
5.908957639275075335e-01
5.741556666991123326e-01
5.572687337295615384e-01
5.496329040827230283e-01
5.464023637329897820e-01
5.253304108325991262e-01
5.185022180236976697e-01
5.259912049273663959e-01
5.146108765771828519e-01
5.408957591136226428e-01
5.656387805932555635e-01
5.720264416716408507e-01
5.751101427792116860e-01
5.962555223026977380e-01
6.183553849082977782e-01
6.190895951231389915e-01
5.887665283970148211e-01
6.070484656761739872e-01
6.372246861581213340e-01
6.497797599546696334e-01
6.367107383075311100e-01
6.411894367226960156e-01
6.177679999315903725e-01
5.983847333261405055e-01
6.056534543645512025e-01
5.528634514344706874e-01
5.505873836638297547e-01
5.499265930700695248e-01
5.333333490878654493e-01
5.255873847578943492e-01
4.960719688737356137e-01
4.633627136978663574e-01
4.667400967907693876e-01
4.737151323428406280e-01
4.827459662992875655e-01
4.911894292830558117e-01
4.929515457020992586e-01
4.964023554180977404e-01
4.892804806238640891e-01
5.155653561582894673e-01
5.370778512922177450e-01
5.579295418283574115e-01
5.607929770706701067e-01
5.593245496389730453e-01
5.486784385056450164e-01
4.949339384894223537e-01
4.812408378095678896e-01
4.920337916860655358e-01
5.375550875817639573e-01
5.473568538171178499e-01
5.236417245376584484e-01
5.565345375187488175e-01
5.875917969546786690e-01
5.856828342914582874e-01
5.856828307904512476e-01
5.630690273362752851e-01
5.638032375511164984e-01
5.670337884038713083e-01
5.616005999045782238e-01
5.580763705674983699e-01
5.557268831757762317e-01
5.495594844616417118e-01
5.197503830911436307e-01
5.386931144650701775e-01
5.727606658905108894e-01
5.933920835593780030e-01
5.990455449259434184e-01
6.148311590722249642e-01
6.084434874908182245e-01
6.081497844994431246e-01
6.168869364705578118e-01
6.067547801898347526e-01
5.837371530651794815e-01
5.748531583508948994e-01
5.510646269553901577e-01
5.510279118933387732e-01
5.464757833540710985e-01
5.480176339078564052e-01
5.528634444324563857e-01
5.499265860680552231e-01
5.512481812596040642e-01
5.570484678643033982e-01
5.539647667567326739e-01
5.508810656491619495e-01
5.293685845192622752e-01
5.077092641472000789e-01
5.273495011769377960e-01
5.455580153340086058e-01
5.504405479226742726e-01
5.566813732599041886e-01
5.480176409098707069e-01
5.269456845084730112e-01
5.327459746141794961e-01
5.205580164280733113e-01
5.255139651368131437e-01
5.461821048697459435e-01
5.461086887496719999e-01
5.485315922614683037e-01
5.294420111423578934e-01
5.348017835215768123e-01
5.205580129270662715e-01
5.223201293461098293e-01
5.313142587435267794e-01
5.483847460172913690e-01
5.462555279918344109e-01
5.483847495182985199e-01
5.358296757217502204e-01
5.220264403587633328e-01
4.971365726349535330e-01
4.897210088533731076e-01
4.992290861013805037e-01
4.873715214616508584e-01
4.843612399751613395e-01
4.908223241756350941e-01
4.997797420120079770e-01
5.352423047490716401e-01
5.441262959623488493e-01
5.340675628037139244e-01
5.842878439858784079e-01
5.994860626524310954e-01
6.057268949916753131e-01
5.828193990491457033e-01
5.773127874277642624e-01
5.859030896536949751e-01
5.808370132638369654e-01
5.706314443640466694e-01
5.610132289318995324e-01
5.430249736380725611e-01
5.188693231311183318e-01
5.082232119977904139e-01
4.840675579898291447e-01
4.661527293190976806e-01
4.593245295081818114e-01
4.339941335548629930e-01
4.481644740252707093e-01
4.135095446251368378e-01
3.886196769013270935e-01
3.811306969996726690e-01
3.675844390629878777e-01
3.348384758270815942e-01
2.411160065985931689e-01
2.314610831064089214e-01
1.842143858537184653e-01
1.708883937822918142e-01
1.585535928530159289e-01
1.351248144499028747e-01
1.441556519073570186e-01
1.539133614686521712e-01
1.476064598728520083e-01
1.717621103798061266e-01
1.965491937850085691e-01
2.045521285392677135e-01
2.091776766996166492e-01
