3.672907483251378058e-01
3.654552140355166734e-01
3.828928029156946633e-01
3.893171773056278151e-01
4.085903092279449811e-01
4.218061648657354112e-01
4.065712171331026803e-01
4.207048530444805756e-01
4.109765081807115195e-01
3.733480071046287319e-01
3.674742973778409305e-01
3.801394971050039984e-01
3.983113084535483961e-01
4.240088147657987139e-01
4.188693187548594987e-01
4.104258522700840461e-01
4.269456608766747929e-01
4.274963255398200324e-01
4.302496401030286854e-01
4.271292274344136719e-01
4.440161604039644661e-01
5.337738703153601660e-01
5.383627191681901181e-01
5.249633057251785750e-01
6.198605204000317004e-01
6.424376227961849928e-01
6.674009241451045460e-01
6.714390558196817738e-01
6.275697731689585668e-01
5.695668371018217657e-01
5.396475887946659000e-01
5.561674149062924011e-01
5.462555209898201092e-01
5.603891393961623058e-01
5.644273235858466853e-01
5.717694782493671912e-01
5.717694782493673022e-01
5.717694782493673022e-01
5.706681576755944230e-01
5.840675711186059660e-01
5.783773929394855351e-01
5.743392175023189772e-01
5.405653515632176109e-01
5.427680014632808581e-01
5.271659468727240005e-01
5.121145481927945609e-01
5.150514118087062831e-01
5.348751996416508669e-01
5.247797566724754503e-01
5.418502386947292582e-01
5.770925320655275748e-01
5.737885615916916704e-01
5.822320105714310357e-01
5.980176317197268832e-01
6.204111938156948725e-01
6.101322017938163311e-01
5.825991261818731504e-01
6.314243820483862457e-01
6.428047209015912422e-01
6.459251335702062002e-01
6.262848860374469195e-01
6.292217409008408202e-01
6.231644733688318505e-01
6.073788697255718683e-01
5.844346692240123264e-01
5.699339352072281262e-01
5.543318893691890903e-01
5.453377494687506877e-01
5.352423064995751600e-01
5.162445025325715919e-01
4.859581561200094768e-01
4.465859171619519508e-01
4.638399482369089388e-01
4.842143919804809404e-01
4.904552173177108565e-01
4.805433234012386201e-01
4.983480191393408476e-01
4.908223329281529712e-01
4.963289445495344121e-01
5.128487706611609687e-01
5.759912289967906718e-01
5.664464419382425620e-01
5.596549519378674065e-01
5.574523107903218699e-01
5.433186748789441411e-01
4.831130801592261048e-01
4.854992791119926987e-01
4.978891421313240695e-01
5.468061944054832813e-01
5.519456991689405401e-01
5.225771155249300248e-01
5.693832968016364626e-01
5.912261679769054146e-01
5.814977968555826715e-01
5.627753383489286776e-01
5.523127885218289679e-01
5.715859029391102686e-01
5.550660943325197438e-01
5.510279188953530749e-01
5.732378969285463199e-01
5.438693220370537373e-01
5.592878275749072481e-01
5.084434796135520740e-01
5.405653690682533652e-01
5.715859204441461339e-01
5.787444997974098282e-01
5.954478924667752082e-01
6.218796212473919338e-01
6.031571452357020746e-01
6.057268844886537495e-01
6.372980917751740471e-01
6.209618147162507817e-01
5.805800428395488932e-01
5.621328947831728540e-01
5.494676950560097861e-01
5.524963463270501363e-01
5.466226278477442913e-01
5.482746043321443663e-01
5.535976669008227935e-01
5.524963375745320926e-01
5.462555122373021765e-01
5.490088180479929525e-01
5.475403818637780695e-01
5.334067634574360950e-01
5.438693220370535153e-01
5.159691745772579941e-01
5.229442223828542069e-01
5.555249625880186448e-01
5.394640397419627753e-01
5.499265983215804177e-01
5.409324759261776583e-01
5.328561162993264988e-01
5.209251302880119061e-01
5.062408472185245811e-01
5.064243875187098842e-01
5.471732925108896417e-01
5.644273498434003722e-01
5.499266070740982393e-01
5.181718244773212412e-01
5.240455429566269752e-01
5.198238009617214272e-01
5.167033882931065802e-01
5.408406795185313198e-01
5.433186661264262085e-01
5.334067722099539166e-01
5.379956035577480034e-01
5.218428843040457954e-01
5.154185186666305762e-01
5.110132188665039710e-01
4.856828281646958234e-01
5.031204257973918015e-01
4.930249740756983967e-01
4.884361252228686112e-01
5.001835534289621465e-01
5.066079365714131200e-01
5.264317331568755254e-01
5.201908990671276767e-01
5.209251215354940845e-01
5.954479099718109625e-01
6.156387784051261525e-01
5.980176492247628595e-01
5.855359985503029163e-01
5.851688741873428690e-01
6.024229140148178452e-01
5.695668195967860115e-01
5.776431879761549926e-01
5.523127972743467895e-01
5.420337877474324939e-01
5.301028017361179012e-01
5.190895872458729521e-01
4.794420028274659074e-01
4.687959127001808390e-01
4.337371508770499484e-01
4.328193881084983485e-01
4.313509606768012872e-01
4.071218817962480307e-01
3.872980939633035025e-01
3.577459700191076841e-01
3.623348101194195370e-01
3.062591784919966309e-01
2.088839859617664940e-01
1.930983823185064285e-01
1.625366991981126719e-01
1.579478678503186684e-01
1.508810498946297207e-01
1.461086607416146599e-01
1.393906043663493410e-01
1.337922225948752486e-01
1.720631409791601174e-01
2.074155585300695714e-01
2.101688643407602919e-01
2.193465445413841086e-01
1.973201155608941271e-01
