2.044496521606307127e-01
2.036284820667561002e-01
2.041759287923561594e-01
2.014386925420834085e-01
1.992489030119362348e-01
2.091029506694772333e-01
1.990846663895021740e-01
2.107452947659998188e-01
2.080080572073281509e-01
2.034095007684773582e-01
1.997963471371618782e-01
1.978802822782137205e-01
1.992489004060873370e-01
1.893948501426973852e-01
1.876977639761790440e-01
1.918583630301701481e-01
1.937744278891183336e-01
1.948693226541919066e-01
1.948693226541919066e-01
1.879714873389790875e-01
1.855627191218766070e-01
1.885189340755281384e-01
1.874240406133790282e-01
1.836466542629283660e-01
1.797050339013671061e-01
1.851247617370169740e-01
1.844678256652019510e-01
1.765845849366048936e-01
1.849057830500615285e-01
1.837561436091433020e-01
1.848510383687423930e-01
1.837561436036687923e-01
1.826065041736995020e-01
1.795407998847819708e-01
1.787196284879828956e-01
1.787196284879828956e-01
1.797597772688128981e-01
1.799787559612426868e-01
1.788291165312733688e-01
1.780079451344742936e-01
1.758729015830962639e-01
1.746685174772822369e-01
1.726977079479638522e-01
1.706174090724305314e-01
1.693582802907718510e-01
1.687560888893270272e-01
1.684549938373296474e-01
1.661557149609675654e-01
1.654987788836780882e-01
1.644586300973736315e-01
1.610644577698114033e-01
1.607359897311666230e-01
1.575060514147150481e-01
1.564659013254861564e-01
1.554257512362572646e-01
1.527432609538046937e-01
1.493490873178434930e-01
1.462560100368041904e-01
1.445041778969911317e-01
1.424238790214578110e-01
1.408910255740745687e-01
1.391939381046317648e-01
1.374421059593442518e-01
1.362377218480557428e-01
1.366209345570707223e-01
1.388107240817433863e-01
1.356355291436865118e-01
1.334457396135393659e-01
1.383180220319880083e-01
1.332267622295084386e-01
1.320771227885902122e-01
1.347048683951980741e-01
1.374968493213155618e-01
1.389749567954040588e-01
1.389749567954040588e-01
1.393034248340488113e-01
1.393034248340488113e-01
1.384275087614050548e-01
1.385369981130944173e-01
1.377158280137453505e-01
1.367304225948866858e-01
1.366756779245164588e-01
1.346501224164289023e-01
1.334457396080648839e-01
1.328435482066201156e-01
1.326793141845605262e-01
1.320771227831157579e-01
1.324165389729849429e-01
1.321428156101848717e-01
1.313216455163102592e-01
1.307085059636410584e-01
1.311574114997251794e-01
1.315953688845847847e-01
1.311574115051996614e-01
1.291318573000365399e-01
1.301720073892654039e-01
1.289566751267524625e-01
1.286829517694268732e-01
1.291209091542865062e-01
1.295150700145259459e-01
1.306647107583686906e-01
1.343873511300501533e-01
1.373435647698282858e-01
1.708911337326805835e-01
1.869860819255948770e-01
1.837561423116933212e-01
1.840846103448635640e-01
1.788838612016435681e-01
1.782816697947242901e-01
1.811283966996109496e-01
1.824970148274845938e-01
1.854532297701871890e-01
1.861649118317202922e-01
1.816211000632397543e-01
1.807451852989949148e-01
1.823875267896686025e-01
1.817853340798248896e-01
1.793218211923521543e-01
1.800882466158565398e-01
1.789386071804127121e-01
1.778437124208136488e-01
1.759276462589410006e-01
1.771867737322007919e-01
1.769677963481698924e-01
1.775699890580135498e-01
1.794313105440415168e-01
1.801977372704703650e-01
1.824970161413579928e-01
1.830992088457272515e-01
1.833729309056028600e-01
1.833181849268336883e-01
1.833181849268336883e-01
1.826065041791739840e-01
1.837561436146177840e-01
1.832251191131172297e-01
1.832798637889618554e-01
1.808163495930902032e-01
1.800499241695858177e-01
1.842488469782465887e-01
1.841557798561311299e-01
1.818564996768445852e-01
1.802141568832464902e-01
1.837178211738214884e-01
1.859076106984941801e-01
1.861649131346447550e-01
1.846868043576317675e-01
1.854696520107101121e-01
1.865481245407352440e-01
1.855627178134776623e-01
1.884641893996834294e-01
1.852889957590765357e-01
1.868218479090097695e-01
1.852342497803073640e-01
1.904350002428752409e-01
1.903255108966603326e-01
1.893948514565708119e-01
1.882999566914972389e-01
1.909824469739498376e-01
1.870408266014395859e-01
1.849057830500615285e-01
1.788838625045680308e-01
1.785006484871541621e-01
1.816210987603152915e-01
1.804714580219470565e-01
1.788838599041935595e-01
1.785553931684733253e-01
1.783911591464137081e-01
1.766393270066006771e-01
1.777889664420444771e-01
1.766393270066007049e-01
1.776794770958295966e-01
1.759823896263867649e-01
1.750517301862972441e-01
1.777889664420445048e-01
1.785006484926286163e-01
1.753801995278664316e-01
1.714933251450742879e-01
1.622140946048807320e-01
1.572323254515405611e-01
1.565753893742511116e-01
1.525242809584504144e-01
1.489658733004296243e-01
1.417121956624747270e-01
1.481720748902778939e-01
1.481720748902778939e-01
1.444494332211464505e-01
1.481720748902778662e-01
1.521958129198056620e-01
1.523600482393152600e-01
1.524695375855301682e-01
1.514020145096539316e-01
1.530169843166047372e-01
1.554257512362572646e-01
1.554257512362572646e-01
1.555078675903503738e-01
1.560553143159504608e-01
1.570954644051793525e-01
1.567396246882861999e-01
1.569586033807160164e-01
1.577250287987459199e-01
1.581082415077608994e-01
1.590115279612031030e-01
1.588472939391434857e-01
1.584093365597582792e-01
1.601885390803697296e-01
1.604896354352915999e-01
1.611739444992284220e-01
1.614476678675029475e-01
1.604348907649214007e-01
1.616119018786136008e-01
1.628162859899020820e-01
1.628710306657467910e-01
1.615571572137178835e-01
1.615024125433476287e-01
1.648965848763843944e-01
1.651429365609360100e-01
1.682086408498535413e-01
1.688108348626217170e-01
1.697414956056357005e-01
1.671137486961033480e-01
1.650334485176455646e-01
1.693582815882218040e-01
1.668400240303788418e-01
1.651429378638605006e-01
1.611465728209800496e-01
1.624878166483329223e-01
1.642396487936204352e-01
1.631447540340213165e-01
1.647597238354976679e-01
1.643765111264826884e-01
1.632816163668835696e-01
1.630352646823318985e-01
1.628436576790994739e-01
1.625425613241775757e-01
1.627067953407627665e-01
1.624604449646100679e-01
1.592852526324020634e-01
1.585188272088976780e-01
1.562469226330563121e-01
1.565206446874574386e-01
1.554257512307828104e-01
1.532907050790303372e-01
1.521958116168811992e-01
1.533454523552494897e-01
1.519494625436529633e-01
1.527158892646073296e-01
1.466939661187393884e-01
1.449968799522210194e-01
1.367304252062100656e-01
1.386464900596837968e-01
1.374421059538697698e-01
1.349785917579981454e-01
1.316939100850496869e-01
1.321866121402795469e-01
1.320771240969891014e-01
1.319128900749295397e-01
1.308836894453240529e-01
1.306647107528942364e-01
1.319785842049231439e-01
1.336209243926723411e-01
1.284201759009145904e-01
1.226446076859604578e-01
1.145971329407783068e-01
1.070423609022882611e-01
9.903320697198401967e-02
8.591089693127682003e-02
7.405318942210946387e-02
6.403490514760888652e-02
5.493633150503665630e-02
4.435965136283199356e-02
