2.040793205473061256e-01
2.042564356679543447e-01
2.031937432685544387e-01
2.012454761231514122e-01
2.001827828842250301e-01
2.065589322080427226e-01
2.057442018199105715e-01
2.053899715821564664e-01
2.050357413444023336e-01
2.009266655351264474e-01
1.986241656227629993e-01
1.979157051472547335e-01
1.977031670046022760e-01
1.917520931194784672e-01
1.904768634240371628e-01
1.924959783031285065e-01
1.952943988622102001e-01
1.936649389290147627e-01
1.940191691667688956e-01
1.895912869883542018e-01
1.864386345018385349e-01
1.922480162954030292e-01
1.927439386282587819e-01
1.850571357332998490e-01
1.812314458039070986e-01
1.831088669053015650e-01
1.804167154157749753e-01
1.798499470389106902e-01
1.798499470389106902e-01
1.859072891469784883e-01
1.842778283707142695e-01
1.842069823231634595e-01
1.830380208542084775e-01
1.820107523269661742e-01
1.812314449608383171e-01
1.793185999943708031e-01
1.792831769723665369e-01
1.793185999979131084e-01
1.821878674476143656e-01
1.809834829566551451e-01
1.792123300852892509e-01
1.784330227227036714e-01
1.756346013205532242e-01
1.741468334824594622e-01
1.728007568963985108e-01
1.712067191456808912e-01
1.708702008404632544e-01
1.691344709911016264e-01
1.675758571054570267e-01
1.660526662418166655e-01
1.653796287918549712e-01
1.649191294845457623e-01
1.643523611041391719e-01
1.620144390092979059e-01
1.610934395516107065e-01
1.586492492302831459e-01
1.543984821725166712e-01
1.524502141805025857e-01
1.491558696024276043e-01
1.479869089765413481e-01
1.468179475075863660e-01
1.458261019988059959e-01
1.445508714567536324e-01
1.429391217699571559e-01
1.416284682059004985e-01
1.430453908395122598e-01
1.425494676671299754e-01
1.392905461146015655e-01
1.416993142534513084e-01
1.393968151876989470e-01
1.365275460483178216e-01
1.365275460483178493e-01
1.376965066742040777e-01
1.376965066742040777e-01
1.396801976846801241e-01
1.396447746591335248e-01
1.394676595420276388e-01
1.386529291574378486e-01
1.381215829595090483e-01
1.375902367580378871e-01
1.374485446629362673e-01
1.376256606266532401e-01
1.364212761321516865e-01
1.355356996964687533e-01
1.348626622465070590e-01
1.345438550342994977e-01
1.341187787489945271e-01
1.328506331514043293e-01
1.317170955510646724e-01
1.311857501962046257e-01
1.310440581011029781e-01
1.315045582550232739e-01
1.310086350790987397e-01
1.308669429875393697e-01
1.307960969364462545e-01
1.313628653133105395e-01
1.310440581011029781e-01
1.289895218896871809e-01
1.292729060798905039e-01
1.291312139847888285e-01
1.304772905743920575e-01
1.333111341590203225e-01
1.353656703739784251e-01
1.728361816009980345e-01
1.843486735787386310e-01
1.830380208577507550e-01
1.823649825647203071e-01
1.810189059751170781e-01
1.824712516342753832e-01
1.816210982205967162e-01
1.846674816304726685e-01
1.877492880694374977e-01
1.875367499267850124e-01
1.857655978984879275e-01
1.817982158739935572e-01
1.798145240169064241e-01
1.813022926980690230e-01
1.821524452651365755e-01
1.816919451147586129e-01
1.807709456570714135e-01
1.781496393755691576e-01
1.785038696133233183e-01
1.804521375982527931e-01
1.794248690710104899e-01
1.797082541042825665e-01
1.802750233242156330e-01
1.826837914666077090e-01
1.820815992211280987e-01
1.814085609280976230e-01
1.824358294553398985e-01
1.821524444256101549e-01
1.819399062829576419e-01
1.833214058910228317e-01
1.833214058910228317e-01
1.834383019521945157e-01
1.820922245266071993e-01
1.813837632115724574e-01
1.808878408787166492e-01
1.825527255235962210e-01
1.839342242885926293e-01
1.821630705706156761e-01
1.806398788639065334e-01
1.833320328826394674e-01
1.850677627284587623e-01
1.853759437956607747e-01
1.840050703290588285e-01
1.840404916684678649e-01
1.853511460755933038e-01
1.877847102483729824e-01
1.943379755359077032e-01
1.854113659745962595e-01
1.866157504690978408e-01
1.884577485449457634e-01
1.896975560614515832e-01
1.905831333437456032e-01
1.894141718783328987e-01
1.894141718783328987e-01
1.905122856135995635e-01
1.891307868415185167e-01
1.831797129493100973e-01
1.813731370559399647e-01
1.801687534080494701e-01
1.798853692178461472e-01
1.809126369055620021e-01
1.797790993087646227e-01
1.790706388367986623e-01
1.782559076020554800e-01
1.775120232614742222e-01
1.775120232614741944e-01
1.763430626355879660e-01
1.772286390712709270e-01
1.763784856611345098e-01
1.759179855107565471e-01
1.752095241921795277e-01
1.758825624852099756e-01
1.753512162872812030e-01
1.712067199887496727e-01
1.649545516670235801e-01
1.610225926680757258e-01
1.552486355826530606e-01
1.519188679790314800e-01
1.473492928589041073e-01
1.454718709144408317e-01
1.461803322330178789e-01
1.461803322330178512e-01
1.469242165735991090e-01
1.468533705260482991e-01
1.485890995323411456e-01
1.490141766607148699e-01
1.508207534006960893e-01
1.511041375908993845e-01
1.532295215430881374e-01
1.534774835508136426e-01
1.539025598361186131e-01
1.559039619396046794e-01
1.538140010094201926e-01
1.562936151993630507e-01
1.563644612469139161e-01
1.565769993895664014e-01
1.588263635043203059e-01
1.598713431210303237e-01
1.580824783135856282e-01
1.587909396321626476e-01
1.586492475370609723e-01
1.586492475370610000e-01
1.593931310345735319e-01
1.596588041353090848e-01
1.608277647611953132e-01
1.602964194063352665e-01
1.597827851374006569e-01
1.613236870940510936e-01
1.614299561636061697e-01
1.614830911181469597e-01
1.612351299534902083e-01
1.652379350070734831e-01
1.629708589633253879e-01
1.675758571054570267e-01
1.706399524514118360e-01
1.720922972639590542e-01
1.685145693422918367e-01
1.645117634456398081e-01
1.668496847009545703e-01
1.640512632988040953e-01
1.638387243130828563e-01
1.618904563175264655e-01
1.619435912720672277e-01
1.631125518979534839e-01
1.628468788007602364e-01
1.633428019696001321e-01
1.632719559220493222e-01
1.625457826780204174e-01
1.624395127618542267e-01
1.623332445318256267e-01
1.621915515901128924e-01
1.622446865481959877e-01
1.617133411933359410e-01
1.586315364475932299e-01
1.582064593192195334e-01
1.585961134220466862e-01
1.578345171453865436e-01
1.567541145031299821e-01
1.540088280626049078e-01
1.539734050370583918e-01
1.539025589895075263e-01
1.537608685805434416e-01
1.531055422200494620e-01
1.491912909347520300e-01
1.464991386056989642e-01
1.402115455758310703e-01
1.408845830257927645e-01
1.378381987693057253e-01
1.353940076013671057e-01
1.321705107605227747e-01
1.341896248000876424e-01
1.331623571159141484e-01
1.332686261854692245e-01
1.309023668561546949e-01
1.305835596439471336e-01
1.311857510428157125e-01
1.313274431379173601e-01
1.284227522446774461e-01
1.248981580129478325e-01
1.195846993988502055e-01
1.150151255468682548e-01
1.097264627541622573e-01
1.038568616992098376e-01
9.593626626391540957e-02
8.948927004947812569e-02
8.342484257541371573e-02
7.662361548914957410e-02
