2.036011090116778277e-01
2.034505604455293659e-01
2.033000125929784185e-01
2.017945326523174487e-01
2.051065875191219467e-01
2.055582310737639473e-01
2.057689980637221472e-01
2.048657109574491264e-01
2.044140666861987143e-01
1.988738993302918701e-01
1.987233507641434083e-01
1.980609394999237605e-01
1.980609402195431801e-01
1.928218692793248756e-01
1.914368283361087553e-01
1.910755134935995248e-01
1.959231578727796408e-01
1.939058152400693902e-01
1.940563630896094405e-01
1.881548823213993749e-01
1.872817033536240405e-01
1.930928561263097754e-01
1.930627458409976960e-01
1.860773198286515551e-01
1.838793190610892025e-01
1.822835104113063875e-01
1.824039486921427700e-01
1.815006608692613377e-01
1.809285790367938795e-01
1.837588807772418398e-01
1.852342511491991972e-01
1.854149085704538402e-01
1.820125235582996104e-01
1.807479201823223858e-01
1.810490166010218505e-01
1.793327696704026530e-01
1.788510158304485453e-01
1.797543036533300331e-01
1.813501123061238007e-01
1.808382488974661362e-01
1.800252897867174462e-01
1.792725498163869058e-01
1.785198098460564209e-01
1.771046586175282489e-01
1.752077535490459415e-01
1.740033700270844363e-01
1.717602052587489658e-01
1.710375748571220933e-01
1.694718757760428907e-01
1.688094652314426902e-01
1.670329991604053155e-01
1.658888347788619599e-01
1.646242321164822220e-01
1.636306155844789445e-01
1.626671086241901765e-01
1.606196564197653609e-01
1.573076001197439289e-01
1.556214627578283438e-01
1.540858732484637339e-01
1.513760097858412312e-01
1.502017351159748992e-01
1.474918709337329215e-01
1.463778154042847945e-01
1.452336503031220472e-01
1.441497050589859441e-01
1.440292667781495894e-01
1.426442251183249466e-01
1.423431286996254819e-01
1.431259782386596069e-01
1.410634701779812372e-01
1.391364548241869337e-01
1.385041531346928589e-01
1.384439339942746261e-01
1.379320705826059812e-01
1.374202071709373363e-01
1.379320698629865616e-01
1.384439332716442539e-01
1.383536045625224364e-01
1.378718507255793368e-01
1.378718507255793091e-01
1.379320698659975419e-01
1.377815220164574916e-01
1.371793298956670570e-01
1.360652750828273416e-01
1.356738506716145265e-01
1.351619872629568342e-01
1.348006724204476314e-01
1.341141730737087923e-01
1.335420912412413341e-01
1.323678172879834136e-01
1.322473790071470590e-01
1.326990232783974710e-01
1.319462833080669861e-01
1.315849684685687360e-01
1.312236529094510662e-01
1.311032146256037034e-01
1.313742007559801084e-01
1.305913519365654307e-01
1.305311327991582060e-01
1.302902562404963382e-01
1.301999275283635682e-01
1.328796807086849996e-01
1.348066946292623969e-01
1.720161376766753125e-01
1.826749341059107634e-01
1.818017558577548487e-01
1.823136185498041295e-01
1.811092350248316163e-01
1.827652635316410479e-01
1.821329618421469732e-01
1.852342504325907580e-01
1.881849911765055006e-01
1.880043344718593246e-01
1.848127178889021893e-01
1.811694563180861195e-01
1.802059486381779874e-01
1.803263869190144253e-01
1.805070443402689850e-01
1.815608800126904954e-01
1.802661670619877532e-01
1.781584950035472181e-01
1.769541107649772460e-01
1.800855089241246987e-01
1.796037558037900106e-01
1.796940845159228084e-01
1.818619764313899601e-01
1.818318668596753673e-01
1.821329625617664205e-01
1.815307697243674911e-01
1.822835096977089009e-01
1.821931817051955504e-01
1.817114271456220509e-01
1.829158121008004900e-01
1.829158121008004900e-01
1.831055024649292373e-01
1.820516646426824092e-01
1.817806785153169291e-01
1.814795828132259037e-01
1.824430904901230832e-01
1.835270364478566729e-01
1.816602402314695663e-01
1.808472804011014567e-01
1.833162694548874649e-01
1.845808728338756421e-01
1.847524980288645646e-01
1.840087895651803529e-01
1.840991175607046837e-01
1.848518575310351963e-01
1.937251563825869716e-01
1.942370197942556165e-01
1.850234834426325581e-01
1.859869911225406902e-01
1.878838954774254832e-01
1.896904718367859177e-01
1.912862804925906102e-01
1.914368283451416408e-01
1.912862804925906657e-01
1.899614579731842834e-01
1.889076215811433535e-01
1.824340575412270182e-01
1.816813175708965056e-01
1.807178106106077931e-01
1.796940845099008754e-01
1.804167141949192810e-01
1.797844125084361866e-01
1.794532079542499881e-01
1.785499186981515940e-01
1.775864117378628815e-01
1.785499186981515940e-01
1.772853160357718560e-01
1.770745490458136562e-01
1.768637813362359812e-01
1.760809318002128365e-01
1.769842196200833717e-01
1.758099456638144986e-01
1.752077535490459692e-01
1.725581092268416439e-01
1.658587252101583476e-01
1.620046973659924894e-01
1.572774905510403165e-01
1.528513794381791691e-01
1.471606649433188918e-01
1.451734318793123091e-01
1.456852945713615344e-01
1.464681441134065842e-01
1.463778154012738142e-01
1.470402266624824816e-01
1.474918702141135018e-01
1.494188848543103743e-01
1.495995429921734288e-01
1.503221733938003013e-01
1.514663384949630487e-01
1.520384210440389461e-01
1.540557643933576359e-01
1.561784908808566408e-01
1.542815858093634362e-01
1.544622432306180237e-01
1.550644353483975335e-01
1.553655310504885589e-01
1.588582440551561670e-01
1.589786823359925494e-01
1.591141750428765322e-01
1.580302297987404292e-01
1.580904489391586343e-01
1.584216542099532998e-01
1.583915446412496597e-01
1.592797780350725945e-01
1.597013120180000023e-01
1.602432849983722873e-01
1.600325180054031071e-01
1.604540512717220202e-01
1.611766816703379401e-01
1.612067912390415803e-01
1.611917368129939798e-01
1.641123679851941852e-01
1.624864490500992908e-01
1.685986982444954430e-01
1.715644941280552727e-01
1.714139455588958028e-01
1.677706847046882277e-01
1.652715882320239249e-01
1.660243274887568954e-01
1.642478614177194651e-01
1.646242314028847353e-01
1.638263259985642262e-01
1.625165593354113702e-01
1.627273263253695701e-01
1.627273263253695701e-01
1.623810659089079400e-01
1.629380933123168451e-01
1.626068880445331599e-01
1.623057909092252282e-01
1.626068880415222073e-01
1.622907364801667307e-01
1.624262299036591251e-01
1.612067919556500473e-01
1.591593397542361843e-01
1.587679146264148744e-01
1.584818733473605246e-01
1.582711063574022414e-01
1.573075993941026041e-01
1.547181749319359034e-01
1.546278462198031334e-01
1.542063122398866781e-01
1.540256548186321184e-01
1.536793951217898524e-01
1.492382267164473197e-01
1.479736233374591703e-01
1.405516067723345530e-01
1.404913876289053953e-01
1.382331670013054459e-01
1.360652750798163613e-01
1.335059601893642811e-01
1.329940974973150003e-01
1.329037687912041632e-01
1.328134400790713932e-01
1.321269414519519458e-01
1.309225579299904130e-01
1.309225579269794604e-01
1.311634344886522530e-01
1.285740089485619131e-01
1.255178847111735885e-01
1.210616640296088009e-01
1.170269776892756824e-01
1.123208473255173506e-01
1.073617967141198559e-01
1.008099480123632319e-01
9.572142564130438347e-02
9.080753885002242065e-02
8.475550969632147935e-02
