2.023967269259442092e-01
2.031494661736443497e-01
2.023967269108894185e-01
2.031494661736443219e-01
2.039022054363992531e-01
1.956220628872970824e-01
1.989341191782856566e-01
2.039022054363992531e-01
2.227207010965645551e-01
1.873419275042794985e-01
1.828254848218846262e-01
1.828254848218846262e-01
1.828254848218846262e-01
1.865891846735371062e-01
1.865891846735371062e-01
1.963748021349972228e-01
1.963748021349972228e-01
1.963748021349972228e-01
1.963748021349972228e-01
1.963748021349972228e-01
1.986330234761946589e-01
1.853847982821308082e-01
1.799650720765051948e-01
1.865891846735371062e-01
1.840298676302486724e-01
1.909550759293716093e-01
1.936649408312329512e-01
1.807178149072475870e-01
1.811694548698144225e-01
1.802661677635413739e-01
1.817716462739964456e-01
1.805672634656323994e-01
1.780079464373987563e-01
1.780079464373987563e-01
1.814705505869602387e-01
1.792123292457628025e-01
1.792123292457628025e-01
1.792123292457627748e-01
1.846320590344306956e-01
1.790617813871899222e-01
1.781584942809168737e-01
1.780079464373987563e-01
1.763519200834256229e-01
1.754486329771526021e-01
1.655124640891321164e-01
1.573828729816451333e-01
1.580603400991073271e-01
1.592647228924165548e-01
1.594152743189768962e-01
1.583614393541309673e-01
1.588130829147949008e-01
1.576087001214856453e-01
1.560279458977504308e-01
1.543719159607350178e-01
1.519631467760194921e-01
1.439841035120506263e-01
1.373599909150187148e-01
1.299831390552318722e-01
1.272732741533705303e-01
1.310369740050229825e-01
1.351017695587664602e-01
1.373599873169216168e-01
1.378116308625307318e-01
1.366072444711244338e-01
1.352523138041875073e-01
1.341984788543963969e-01
1.341984788543963969e-01
1.320908089397593299e-01
1.310369740050230103e-01
1.299831390552318722e-01
1.352523174173393961e-01
1.341984824524934394e-01
1.376610830190126422e-01
1.376610830190126422e-01
1.376610830190126422e-01
1.376610830190126422e-01
1.376610830190126422e-01
1.376610830190126422e-01
1.376610830190126422e-01
1.376610830190126422e-01
1.376610830190126422e-01
1.390160136708947780e-01
1.376610794209155997e-01
1.298325875985618938e-01
1.277249176989796453e-01
1.332951917481233484e-01
1.266710827491885349e-01
1.289594079232109780e-01
1.274539294278107526e-01
1.268517380236287295e-01
1.277249176989796453e-01
1.338973831673602177e-01
1.319703685271633176e-01
1.293809440680075973e-01
1.310670814359451153e-01
1.308864261615048930e-01
1.307358783029319849e-01
1.299831390552318444e-01
1.290798519489588236e-01
1.275743734385038075e-01
1.337769463227516664e-01
1.427797171206443561e-01
1.468445126743878060e-01
1.573828729816451055e-01
1.935143929726600431e-01
1.832771247995062525e-01
1.832771247995062525e-01
1.757497250962013202e-01
1.790617813721350760e-01
1.793628770742261014e-01
1.793628770742261014e-01
1.801156199200232844e-01
1.820727455591296950e-01
1.804167156221143098e-01
1.817716498720934881e-01
1.804167156371691005e-01
1.796639763744141693e-01
1.778573985788258482e-01
1.743947944443191844e-01
1.752980815505922052e-01
1.754486293941103225e-01
1.787606856850988690e-01
1.765024643439014329e-01
1.765024643439014329e-01
1.789112335436717771e-01
1.799650720915599578e-01
1.793628806873779347e-01
1.840298712283457150e-01
1.847826104760458832e-01
1.847826104760458832e-01
1.847826104760458554e-01
1.829760326804575343e-01
1.847826104760458832e-01
1.867397325321100421e-01
1.867848972464806467e-01
1.824190024076038918e-01
1.815157117182886193e-01
1.811694548848692410e-01
1.846320626174729473e-01
1.838793197716757644e-01
1.813199991453450788e-01
1.807629724555336881e-01
1.851288673094652337e-01
1.885463103276983354e-01
1.892990495753984481e-01
1.885463103276983354e-01
1.892990495753984481e-01
1.886968545881741455e-01
1.871913760777191293e-01
1.837287683451153675e-01
1.837287683451153952e-01
1.868902767925858521e-01
1.868902767925858521e-01
1.888474024467470813e-01
1.915572673486083954e-01
1.874924717948649178e-01
1.885463067446560559e-01
1.900517888381533793e-01
1.908045280858534642e-01
1.891484981337832605e-01
1.805672598976449106e-01
1.805672598976449106e-01
1.805672598976449106e-01
1.796639727913718898e-01
1.755991772526832029e-01
1.768035600459924583e-01
1.772552035916015734e-01
1.766530121874195780e-01
1.783090385564474745e-01
1.766530121874195225e-01
1.783090421244349910e-01
1.798145206348900071e-01
1.781584942809168737e-01
1.783090421394897540e-01
1.765024679269437402e-01
1.754486329771526021e-01
1.709321902947577021e-01
1.698783553449665917e-01
1.554257473425387226e-01
1.521136946195376094e-01
1.536944488432728240e-01
1.382632780062369449e-01
1.352523174022846053e-01
1.406720472060072891e-01
1.519631467760194921e-01
1.409731429080982867e-01
1.439841035120506263e-01
1.519631467760194921e-01
1.572323286910596585e-01
1.557268501956594053e-01
1.536191767130349051e-01
1.560279458977504308e-01
1.567806851303957527e-01
1.583614393541309673e-01
1.583614393541309673e-01
1.569312329889686608e-01
1.564043101470370956e-01
1.565548615735974924e-01
1.592647228924165548e-01
1.582108879275705982e-01
1.581356122142904275e-01
1.597163664380256698e-01
1.603185578422076651e-01
1.599421864268364968e-01
1.609960213766276349e-01
1.606949256895914280e-01
1.612218449635355322e-01
1.601680099986895756e-01
1.603938299724456118e-01
1.616734884940898287e-01
1.649102690868529952e-01
1.646844491130969867e-01
1.633295184612148510e-01
1.625015034851797213e-01
1.625015034851797213e-01
1.628025991872707468e-01
1.572323251230722252e-01
1.658135633592105473e-01
1.658135633592105473e-01
1.724376723882550255e-01
1.733409594945280741e-01
1.602432857119697740e-01
1.590388993356182668e-01
1.599421900249335671e-01
1.599421900098787763e-01
1.620498599094610248e-01
1.651360962417483536e-01
1.636306141482510856e-01
1.670932182978125402e-01
1.670932182978125402e-01
1.630284191459719922e-01
1.630284191459719922e-01
1.646091769678042493e-01
1.630284191459719922e-01
1.661146554632045302e-01
1.595658185945075802e-01
1.563290380017443859e-01
1.570065051192065797e-01
1.558773944561352709e-01
1.558773944561352709e-01
1.522642424630556990e-01
1.470703362311860940e-01
1.494038333007185193e-01
1.465434205553390878e-01
1.469950641009482029e-01
1.459412291511570647e-01
1.456401334490660393e-01
1.423280771279678836e-01
1.311875218485410999e-01
1.387149215518460599e-01
1.337468353087872819e-01
1.344995745715422131e-01
1.338973831824149807e-01
1.277249212970766878e-01
1.257677956429154587e-01
1.372094430564458067e-01
1.372094430564458067e-01
1.275743734385038075e-01
1.388955768413410730e-01
1.297121507690081610e-01
1.154100924166743258e-01
1.014844018816146026e-01
7.917319105792344769e-02
5.869866365416678139e-02
4.841623523791783318e-02
3.694447772876590513e-02
2.676743332989760943e-02
2.134770533275085272e-02
1.880344468467776142e-02
1.604841685996693038e-02
