2.039022054313809618e-01
2.039022054313809618e-01
2.034003792562110446e-01
2.028985530910776269e-01
2.023967245372493284e-01
1.983821103986461998e-01
1.970773599725752501e-01
2.013930721969459936e-01
2.169496953799944505e-01
2.080171824002647885e-01
2.003894150792529250e-01
2.003894150792529250e-01
1.808181777576013116e-01
1.873419251206029090e-01
1.873419251206029090e-01
1.948693224352130160e-01
1.948693224352130160e-01
1.948693224352130160e-01
1.948693224352130160e-01
1.958729747755163786e-01
1.917580001852908778e-01
1.787105054592876829e-01
1.787105054592876829e-01
1.795134297202252149e-01
1.830262152949635734e-01
1.927616501368993873e-01
1.857360789974592252e-01
1.801156211244072658e-01
1.820225605559288307e-01
1.816210996198074634e-01
1.823236562530015925e-01
1.810189058269306150e-01
1.808181753689065141e-01
1.800152535067003345e-01
1.786101378415807794e-01
1.791119640067141694e-01
1.787105030705928577e-01
1.808181753689065141e-01
1.786101378415807794e-01
1.786101378415807794e-01
1.742944280059048889e-01
1.769039288680832878e-01
1.721867580962861133e-01
1.714842014630920397e-01
1.694768944038269887e-01
1.636557060727508728e-01
1.638062551106163889e-01
1.589887190997705257e-01
1.581857972275278190e-01
1.576839710523579019e-01
1.580854343771740667e-01
1.585872605523440393e-01
1.580854343771740667e-01
1.557268478019463165e-01
1.530169841094871919e-01
1.479987176406172278e-01
1.422778921498583371e-01
1.375607213780611071e-01
1.354530490797475062e-01
1.324420896701425376e-01
1.310369740050229825e-01
1.331446439146417859e-01
1.357541423780888323e-01
1.368581599474042454e-01
1.363563337722343005e-01
1.352523138142240622e-01
1.341482962449086214e-01
1.345497595697248139e-01
1.319402611062777675e-01
1.324420896701425654e-01
1.332450091536903913e-01
1.375607189793297269e-01
1.375607165906348739e-01
1.375607165906348739e-01
1.366574294793435895e-01
1.380625451444631446e-01
1.362559685432222500e-01
1.362559685432222500e-01
1.380625451444631446e-01
1.384640060805844841e-01
1.361556033142101718e-01
1.369585251764163514e-01
1.356537747503454017e-01
1.335461048407266260e-01
1.321409915743384234e-01
1.349512181071147732e-01
1.289293016966728544e-01
1.281464514450448844e-01
1.271427991147780767e-01
1.267413381786567095e-01
1.275241884302846795e-01
1.330442786755932083e-01
1.307559499185284579e-01
1.293508342634454300e-01
1.308563151575770633e-01
1.294311302705741518e-01
1.303344173718289090e-01
1.289293017067093261e-01
1.293307650415620735e-01
1.286282083983314728e-01
1.317596046475266736e-01
1.383837148608819956e-01
1.422778897511269569e-01
1.614476685253520560e-01
1.959733423932232821e-01
1.826247519701473809e-01
1.866393637100191294e-01
1.812196363050278258e-01
1.782086768954228850e-01
1.784094073634835687e-01
1.798145230185665966e-01
1.798145230185665966e-01
1.840298676151938262e-01
1.801156187256758578e-01
1.802159863634558157e-01
1.808181777676378665e-01
1.788108706882997334e-01
1.791119663954090502e-01
1.774057550432532882e-01
1.765024655432671230e-01
1.765024655432671230e-01
1.746958889420262284e-01
1.765024655432671230e-01
1.765024655432671230e-01
1.763017350752064394e-01
1.772050245751925768e-01
1.814203691718198341e-01
1.824240239008180497e-01
1.858364466252027114e-01
1.848327918962044958e-01
1.831265805340121788e-01
1.831265805340121788e-01
1.848327918962044958e-01
1.855353485293985694e-01
1.843610731419201010e-01
1.844614383809687064e-01
1.805471870927193301e-01
1.807178101398944359e-01
1.841302352529738673e-01
1.843309633323396701e-01
1.822533984448750921e-01
1.792424390453066785e-01
1.860672845141489173e-01
1.881448493915769682e-01
1.879441165348214593e-01
1.878437512957728817e-01
1.879441165348214593e-01
1.874422879709566614e-01
1.850335199655337715e-01
1.844313261726568953e-01
1.860371723058371340e-01
1.860371723058371340e-01
1.850335199655337437e-01
1.904532473805616022e-01
1.900517864444402349e-01
1.873419227419446109e-01
1.875426532100052945e-01
1.887470384070641660e-01
1.893492298012096064e-01
1.845316938004003260e-01
1.768035612403398849e-01
1.797141554108961925e-01
1.818218277092098489e-01
1.801156163470175320e-01
1.773053874155098020e-01
1.778072135806432474e-01
1.783090397457766374e-01
1.751977151071596739e-01
1.791119616180193164e-01
1.764020979155236646e-01
1.769039264693519353e-01
1.786101378315442523e-01
1.764021003042185176e-01
1.793126944747748530e-01
1.775061202622288115e-01
1.720863928672740351e-01
1.721867581063226404e-01
1.651611845781876253e-01
1.565799511043841630e-01
1.540708178699491671e-01
1.554759335250321950e-01
1.456401310553529227e-01
1.366574318680384703e-01
1.444859296771840718e-01
1.444859296771840440e-01
1.424786226078824936e-01
1.479987176406172278e-01
1.479987176406172278e-01
1.555261173338856329e-01
1.544220997645701920e-01
1.481994481086779114e-01
1.568308677599565826e-01
1.577843386700648054e-01
1.561784925368845667e-01
1.562788577759331721e-01
1.565799510843110809e-01
1.557770292221049013e-01
1.578847015204185855e-01
1.590890843287825762e-01
1.593901800258553381e-01
1.598920061909887558e-01
1.596912757229280722e-01
1.602934671271100953e-01
1.598418223821352901e-01
1.594403590673556803e-01
1.607451094934266023e-01
1.622004065787047977e-01
1.616483989934127397e-01
1.597414571531232397e-01
1.622004065686682150e-01
1.645088093450790823e-01
1.641073484089577705e-01
1.628026003816181733e-01
1.616483966047178866e-01
1.622004065887412694e-01
1.630033308496788291e-01
1.643582626858718920e-01
1.695772620215338922e-01
1.695772620215338922e-01
1.694768944038269609e-01
1.690754334677056769e-01
1.625516884833623499e-01
1.624513208656554464e-01
1.657633783610279465e-01
1.588381700518685102e-01
1.609458399514507587e-01
1.646091769627860135e-01
1.637058874728364311e-01
1.653117336060166143e-01
1.666164840320875917e-01
1.640069831699091651e-01
1.645088093350425551e-01
1.637560712816898134e-01
1.648099050321153169e-01
1.654622802451507779e-01
1.614978499354741415e-01
1.589385352708440058e-01
1.573828753552851678e-01
1.552752030569715391e-01
1.566803187120545393e-01
1.548235583119967063e-01
1.493536470981519371e-01
1.521136969981959075e-01
1.499056594708702006e-01
1.503071204069915678e-01
1.490023723595789162e-01
1.485005438057506455e-01
1.454895843961457325e-01
1.334457420004093731e-01
1.356537795277350800e-01
1.336464700797751759e-01
1.336464700797752037e-01
1.330442786856297077e-01
1.302340521428168307e-01
1.274238232012725736e-01
1.339475705642741710e-01
1.339475705642741710e-01
1.339475705642741710e-01
1.346701988180829812e-01
1.363764077915804451e-01
1.211208791112573097e-01
1.111345287880233929e-01
9.547753798726800467e-02
8.212894874850297511e-02
6.652214115440906184e-02
4.928941342786188201e-02
3.638243192941686271e-02
2.870448438259380966e-02
2.627564357224527677e-02
2.085591556506198249e-02
