2.043323421472200419e-01
2.043323421472200419e-01
2.043323421386173400e-01
2.030419319997028293e-01
2.004611076097628786e-01
1.983104199241917109e-01
1.980523378981293714e-01
2.013213830831586115e-01
2.142254927653473584e-01
2.065690530684362314e-01
1.991706933587374662e-01
1.991706933587374662e-01
1.845460327125517386e-01
1.845460327125517941e-01
1.905679528795246325e-01
1.944391853781317903e-01
1.944391853781317903e-01
1.948693220911033031e-01
1.948693220911033031e-01
1.944391853781318180e-01
1.872989117894008626e-01
1.814490442618844068e-01
1.797284973927929241e-01
1.834276772519436716e-01
1.834276772519436993e-01
1.903098688060095856e-01
1.857504175683685477e-01
1.786961692799408363e-01
1.799865773714025841e-01
1.829975384829167218e-01
1.836857572219505741e-01
1.847180853434054471e-01
1.815350716010376286e-01
1.801586320669144592e-01
1.783520558112170751e-01
1.784380831503702414e-01
1.797284953453402168e-01
1.790402745502509274e-01
1.805027414407327779e-01
1.767175342424288087e-01
1.762013701817013445e-01
1.752550694080023952e-01
1.743947959734566677e-01
1.700934247144252620e-01
1.689750672063644876e-01
1.679427390935123443e-01
1.634263005017215220e-01
1.635983551800279101e-01
1.583506831386947977e-01
1.576624643910582435e-01
1.574904097041490980e-01
1.580065758123292419e-01
1.581786304992383874e-01
1.566301362696033428e-01
1.543504086076314952e-01
1.489306818879919947e-01
1.441991718685363966e-01
1.402419099833232818e-01
1.372309488718091164e-01
1.360265660634450702e-01
1.331876596388400502e-01
1.318972474352673452e-01
1.337038216435120497e-01
1.350802611776351914e-01
1.346501244560609489e-01
1.337038216349092923e-01
1.327575208612103708e-01
1.340479330647830758e-01
1.355964272944181204e-01
1.331876596388400780e-01
1.324994388437507609e-01
1.375750561895719426e-01
1.368008080467266740e-01
1.386934116501800374e-01
1.379191655547875039e-01
1.375750561809691852e-01
1.375750561809691852e-01
1.375750561809691852e-01
1.380051929025434276e-01
1.383493022763617464e-01
1.374890288418159912e-01
1.366287533512147989e-01
1.353383411562448235e-01
1.335317669480001468e-01
1.324994388351480035e-01
1.340479310087276110e-01
1.289723157103591367e-01
1.317423969859966848e-01
1.278711644959922566e-01
1.305380141862353960e-01
1.279399875975069933e-01
1.332736849219378350e-01
1.296777387042369056e-01
1.293336293390213443e-01
1.306240415339913474e-01
1.295056860733832249e-01
1.309509466615684237e-01
1.290583430667177900e-01
1.294884818357447676e-01
1.289723177750173588e-01
1.314843170159898100e-01
1.371621257702943797e-01
1.411021813618135445e-01
1.679427390849095592e-01
1.934068572566769173e-01
1.865246616077056163e-01
1.865246616077056163e-01
1.789542472110977056e-01
1.781800011157051444e-01
1.781800011157051444e-01
1.836857572219505741e-01
1.836857572219505741e-01
1.829115111351607426e-01
1.807608255056450675e-01
1.803306888012763121e-01
1.808468528620037763e-01
1.786961672238853160e-01
1.793843859715219258e-01
1.774057550375181258e-01
1.779219190982455623e-01
1.749109579867313968e-01
1.749109579867313691e-01
1.767175342424287809e-01
1.749109579867313968e-01
1.763734248686104622e-01
1.769756183245465853e-01
1.821372650655764536e-01
1.835997319474555745e-01
1.848901441424255776e-01
1.838578139735179418e-01
1.823953470916388209e-01
1.823953470916388209e-01
1.842019233473362605e-01
1.846320600603077455e-01
1.836255382996119234e-01
1.837115656473678471e-01
1.803564931145826833e-01
1.811307412488252222e-01
1.841158959995803091e-01
1.852342514601883761e-01
1.813027959271316103e-01
1.790660829584626856e-01
1.856901965899744045e-01
1.875569938326686892e-01
1.874709664849127377e-01
1.864386363160051296e-01
1.872989097505508849e-01
1.860945248947341035e-01
1.844600033173431353e-01
1.844600033173431075e-01
1.860945248947341035e-01
1.860945248947341035e-01
1.857504155209157848e-01
1.915142516229763614e-01
1.911701422491580427e-01
1.897076774147316847e-01
1.880731558459434183e-01
1.909120622705484382e-01
1.896216500669756777e-01
1.843739759781899135e-01
1.771476709554002937e-01
1.799005479847966271e-01
1.814490422144316994e-01
1.799865753325525508e-01
1.782660264246111181e-01
1.781799990768551667e-01
1.792983565849159966e-01
1.752550673519469859e-01
1.799865753325525508e-01
1.764594501603109766e-01
1.779219170421900975e-01
1.770616436076443700e-01
1.748249306389754454e-01
1.791263018980068511e-01
1.780939737765519504e-01
1.729323290915775746e-01
1.706095887837554559e-01
1.643295865821174928e-01
1.550816400097210501e-01
1.545654759489936136e-01
1.552536946880274660e-01
1.442421845057838825e-01
1.396397165187844291e-01
1.432528690387819825e-01
1.460917754633870025e-01
1.432528690387819825e-01
1.489306818879919947e-01
1.489306818879919947e-01
1.541783539207222942e-01
1.555547934548454914e-01
1.481564337537494835e-01
1.575764390907549994e-01
1.575764390907550272e-01
1.561999995480290726e-01
1.561999995480291281e-01
1.567161615613038295e-01
1.562860248483322889e-01
1.574043823563931466e-01
1.586087651647571650e-01
1.598991753122744053e-01
1.597271206253652598e-01
1.601572573383367448e-01
1.594690385907001351e-01
1.589958851369729920e-01
1.598131459256685039e-01
1.609745160795795493e-01
1.611035581206384515e-01
1.613616401553035484e-01
1.589958871844257271e-01
1.619208168532784708e-01
1.638134204567318619e-01
1.627380796894267179e-01
1.629101343849386208e-01
1.621358862506960818e-01
1.626090376655732750e-01
1.631682164196037177e-01
1.643295865649120058e-01
1.700934267618780249e-01
1.700934267618780249e-01
1.683728758064837738e-01
1.660501354900589810e-01
1.644156159601206924e-01
1.643295865735147909e-01
1.657060261162406622e-01
1.589958871930285123e-01
1.612325981056419166e-01
1.630821890632450366e-01
1.631682164110010158e-01
1.650608200058515940e-01
1.662652048616683476e-01
1.645446538976714224e-01
1.644586265499154709e-01
1.640715045302469088e-01
1.641145171760971522e-01
1.646306812282218868e-01
1.612325981056419166e-01
1.589098598366697757e-01
1.586087651647571928e-01
1.554257514223893466e-01
1.575764370433022921e-01
1.547805453206029802e-01
1.509523234289960603e-01
1.526298617385400125e-01
1.507372581436894066e-01
1.510813675175077253e-01
1.503071214221151641e-01
1.465219121763584875e-01
1.468660235976295136e-01
1.366287574547229711e-01
1.385213610495736047e-01
1.366287554072702359e-01
1.332736849305405369e-01
1.328435482175690241e-01
1.292303977536269355e-01
1.333597143257492235e-01
1.325854702778093974e-01
1.325854702778093974e-01
1.325854702778093974e-01
1.338930846715678247e-01
1.346673307583576285e-01
1.279571908200218544e-01
1.138917079041401881e-01
1.010736214748019363e-01
8.842759075609918362e-02
7.558369540238460416e-02
6.053749965018345724e-02
4.224806865245304272e-02
3.467765527957149263e-02
2.833743414699211802e-02
2.446620010849402324e-02
