2.050313143079494360e-01
2.039022054288718577e-01
2.042785750527219002e-01
2.035258358050217875e-01
1.997621341618481816e-01
1.993857627389495901e-01
1.980308302955463007e-01
2.008912448324469135e-01
2.121823408043620462e-01
2.047302168143372847e-01
1.993857627389495901e-01
1.975039128131233501e-01
1.993857627389495901e-01
1.877182935526146845e-01
1.877182935526146845e-01
1.944929522091709828e-01
1.937402129614708701e-01
1.941165825853209403e-01
1.944929522091709828e-01
1.944929522091709828e-01
1.865139107442506661e-01
1.846320590344306956e-01
1.831265805239756517e-01
1.831265805239756239e-01
1.831265805239756239e-01
1.897506913294864372e-01
1.853848000811793573e-01
1.774057568247378869e-01
1.807178113242052797e-01
1.827502091010770324e-01
1.814705505719054202e-01
1.848578807997078299e-01
1.810189070262963051e-01
1.786101378415807794e-01
1.780832203666851965e-01
1.793628788808020458e-01
1.783090421319623864e-01
1.798897963556976010e-01
1.804919877674070194e-01
1.771799314688910498e-01
1.748464379899282717e-01
1.743195205150327165e-01
1.732656855577142108e-01
1.722871245296821174e-01
1.680717793333720289e-01
1.676954097095219587e-01
1.672061300912664750e-01
1.632918823885684823e-01
1.624638692040545063e-01
1.578721561678880503e-01
1.574957865440380078e-01
1.574957865440379801e-01
1.577216101083636635e-01
1.563666776574330064e-01
1.543719159532076224e-01
1.506082161015551701e-01
1.454895838064994007e-01
1.421775275079834588e-01
1.396182104646950251e-01
1.375105387585368044e-01
1.362308802368925875e-01
1.336715631860767584e-01
1.325424525079506310e-01
1.341984806534449182e-01
1.360803305792711582e-01
1.352523156107634517e-01
1.333704656849372117e-01
1.344243024337768710e-01
1.371341673356382129e-01
1.336715631860767584e-01
1.328435482175690519e-01
1.355534113203818447e-01
1.371341655365896917e-01
1.387901936896113742e-01
1.378869047918171997e-01
1.375105351604397341e-01
1.375105351604397341e-01
1.375105351604397341e-01
1.375105351679671295e-01
1.375858090897262020e-01
1.375105351679671295e-01
1.367577941136911002e-01
1.349512181096239050e-01
1.333704656774098163e-01
1.326177264297097036e-01
1.328435482025142611e-01
1.299831372486559555e-01
1.321058626627477917e-01
1.290196299360849008e-01
1.309014798619111408e-01
1.281012891218782368e-01
1.327682742807552163e-01
1.290196299360849008e-01
1.289443560218532792e-01
1.306003841673475385e-01
1.301487406142110281e-01
1.299831372561833231e-01
1.287787544553467001e-01
1.294562215803362892e-01
1.296067694313818019e-01
1.314283991433826404e-01
1.367728514272492091e-01
1.405967696936785416e-01
1.653619162230317852e-01
1.917830891063581622e-01
1.856106200624627611e-01
1.838793179876820061e-01
1.786101378415807517e-01
1.768788357592726290e-01
1.817716462815238410e-01
1.828254830228361050e-01
1.826749351717905923e-01
1.855353479246974469e-01
1.801908938493097523e-01
1.804167156296416774e-01
1.804167156296417052e-01
1.789865092494245524e-01
1.800403459982642396e-01
1.778573985863532436e-01
1.779326725156396838e-01
1.756744511669148801e-01
1.752980815430648098e-01
1.752980815430648098e-01
1.752980815430648098e-01
1.765777400647090267e-01
1.774810289625031734e-01
1.832018544607894595e-01
1.825996630566074641e-01
1.840298694292972215e-01
1.834276762335940725e-01
1.825243873357998980e-01
1.825243873357998980e-01
1.831265805315030470e-01
1.841051415595351126e-01
1.845040935405705129e-01
1.836760785720628064e-01
1.811167615287743726e-01
1.805898440463513943e-01
1.838040458574441149e-01
1.850310110154660681e-01
1.810414875919605093e-01
1.796112812192707797e-01
1.845793674698569253e-01
1.869655543124419395e-01
1.869655543049145718e-01
1.862128150496870638e-01
1.861375393364068653e-01
1.861375393364068653e-01
1.835782222780636408e-01
1.872666482079570482e-01
1.857611679135082738e-01
1.859869914853613526e-01
1.854600722114172484e-01
1.898259634747791469e-01
1.911808959257098040e-01
1.899012391955867129e-01
1.883957588936105432e-01
1.917830891214129807e-01
1.889979520817862968e-01
1.835782222855910084e-01
1.780832203591578011e-01
1.804919877598796241e-01
1.808683573912570619e-01
1.795886988696128728e-01
1.789112317521506512e-01
1.790617813947172898e-01
1.775563010927411201e-01
1.763519164928559202e-01
1.795886988696128450e-01
1.771046557480834838e-01
1.783843142697277007e-01
1.776315750145001648e-01
1.749217119116873720e-01
1.786854117633398520e-01
1.777821246570668312e-01
1.739431508836553064e-01
1.716849313415063638e-01
1.644586273402924292e-01
1.553881130614134798e-01
1.551622912810815269e-01
1.513985914219016515e-01
1.457530416444229315e-01
1.406720454069587400e-01
1.446615688304642988e-01
1.471456119519936878e-01
1.446615688304642988e-01
1.496296550735230491e-01
1.506082161015551701e-01
1.543719159532076224e-01
1.555763005455653714e-01
1.491027358071063680e-01
1.566677733595240041e-01
1.563666776574330064e-01
1.563666776574330064e-01
1.564795876443110245e-01
1.573828747505840453e-01
1.570441411918529484e-01
1.562161280148663678e-01
1.572699629721849013e-01
1.583990718512624796e-01
1.601303739260432346e-01
1.603938335554878636e-01
1.599045521457112540e-01
1.585872557674269656e-01
1.601303721345220810e-01
1.610712970974352010e-01
1.609207492463897160e-01
1.614853045854527658e-01
1.596410925162666250e-01
1.619745841961808264e-01
1.626520513211704433e-01
1.631413327309470529e-01
1.618616760083513573e-01
1.616358524440256739e-01
1.628025991872707468e-01
1.632166066677608884e-01
1.644586273252376385e-01
1.695019874975828567e-01
1.705558242464225160e-01
1.685986986073161054e-01
1.649855466067091103e-01
1.677706854228021294e-01
1.656630119326502060e-01
1.649102726774226979e-01
1.592647228999439779e-01
1.615982145723307839e-01
1.626144152560514977e-01
1.637435241426564714e-01
1.659264715545674673e-01
1.659264715545674673e-01
1.638940719861745610e-01
1.638187980568881208e-01
1.628025991722159560e-01
1.641198937589791185e-01
1.645715373045882612e-01
1.614476667212852712e-01
1.587378054099936042e-01
1.587378054099936042e-01
1.553128409161207424e-01
1.561408540931072952e-01
1.549741073573896455e-01
1.512480417793349852e-01
1.533557170610080622e-01
1.512104092972583191e-01
1.516620528503948295e-01
1.509845875169263385e-01
1.478230772779347557e-01
1.475972555051301982e-01
1.363814280728833095e-01
1.373599908924365010e-01
1.365319741324076686e-01
1.332199178414191221e-01
1.323919046644325137e-01
1.297573154833787656e-01
1.333704674839857329e-01
1.320908125453837956e-01
1.322564141043629515e-01
1.322564141043629515e-01
1.339877143876225529e-01
1.339877143876225529e-01
1.275141505373967032e-01
1.207771270501988015e-01
1.047437666155568298e-01
9.420540721158747466e-02
8.191316382729607604e-02
6.921443980519025041e-02
5.297031219391053203e-02
4.002318449345881879e-02
3.360983996129780077e-02
2.649644729436641949e-02
