2.042564356679543447e-01
2.030166281514484972e-01
2.033708592287291061e-01
2.026623979172366974e-01
2.069131641283920853e-01
2.076216246074426286e-01
2.039730497951557919e-01
2.072673943696885235e-01
2.047877793331345231e-01
2.025207032893863723e-01
1.986241664658317529e-01
1.982699353850088941e-01
1.991909348462383711e-01
1.920000534446087426e-01
1.924251322555776966e-01
1.912207486076872021e-01
1.917166700939318957e-01
1.921771710909209729e-01
1.916458248929921726e-01
1.915041327978904973e-01
1.876430189963401163e-01
1.918229383275028288e-01
1.837110583112547824e-01
1.845257895389133540e-01
1.799916391340123101e-01
1.822587143346916794e-01
1.822587143382339847e-01
1.807709465001401949e-01
1.828963296057178889e-01
1.838881751109558982e-01
1.847737515466388314e-01
1.840652902280618120e-01
1.828963287626490797e-01
1.826483675979923560e-01
1.814794061290374017e-01
1.797082532541292021e-01
1.804167145727062216e-01
1.798499453527731273e-01
1.797082532612137851e-01
1.786809847304292320e-01
1.780787924849495940e-01
1.771932160492666330e-01
1.756346013205532242e-01
1.764493325517541289e-01
1.742176795300102998e-01
1.703211427099979303e-01
1.699846244047803212e-01
1.691344709911016264e-01
1.671862029990875687e-01
1.664068964760284930e-01
1.649899746854855132e-01
1.636084759204891048e-01
1.630417075400825144e-01
1.620144390092978781e-01
1.610934395516107065e-01
1.589326334169441357e-01
1.563113271354418798e-01
1.524502141805026134e-01
1.491558696024276043e-01
1.479869089765413481e-01
1.468179475075863660e-01
1.458261019988059959e-01
1.445508714567536324e-01
1.429391217699571559e-01
1.411679688985912617e-01
1.430453908395122320e-01
1.425494676671299754e-01
1.402823924629083563e-01
1.447279865738595461e-01
1.418587191277005666e-01
1.383695458138456125e-01
1.369172001546873074e-01
1.376965066742040500e-01
1.392196983773709151e-01
1.396801976846801241e-01
1.396447746591335526e-01
1.393968134944768011e-01
1.388654672965479731e-01
1.381215829595089928e-01
1.375902367580378871e-01
1.379444678388608014e-01
1.376256606266532123e-01
1.366692373003507155e-01
1.355356996964687533e-01
1.348626622465070590e-01
1.343667399136512786e-01
1.341187787489944994e-01
1.328506331514043293e-01
1.317170955510647001e-01
1.311857501962046257e-01
1.315045574084121871e-01
1.307252508888954168e-01
1.310086350790987397e-01
1.308669429875393697e-01
1.307252508924377221e-01
1.311149041486538158e-01
1.309732120535521405e-01
1.304064436802301885e-01
1.291312139847888285e-01
1.290603679372380463e-01
1.352594013044233212e-01
1.373776994584542110e-01
1.448519658898136109e-01
1.545755972825380020e-01
1.726413562304085492e-01
1.821878674476143933e-01
1.823649825647202793e-01
1.806646757409052506e-01
1.804521375982527931e-01
1.804521375982527931e-01
1.856239041172487447e-01
1.846320577689419540e-01
1.847383285246345930e-01
1.798853700644572340e-01
1.788581015336726809e-01
1.805584083574877097e-01
1.819399071224841180e-01
1.821524452651365755e-01
1.805584066713501745e-01
1.807000987664518221e-01
1.798853692249308134e-01
1.785038696133233183e-01
1.797436762832180512e-01
1.799916382944858617e-01
1.798145231773799479e-01
1.819753301515729671e-01
1.831088685949814332e-01
1.813731379025510515e-01
1.816565220927544022e-01
1.822232904696186595e-01
1.823649825682626402e-01
1.823649825682626402e-01
1.825420985284373077e-01
1.831442907739169457e-01
1.830486478493673907e-01
1.829778009587477994e-01
1.811358020433734284e-01
1.804981867723472189e-01
1.814900331241962872e-01
1.826589945931512970e-01
1.815254569892693348e-01
1.827652636556217902e-01
1.840404933546054000e-01
1.849969158378391709e-01
1.845364156839189029e-01
1.845718387094654744e-01
1.845718387094654467e-01
1.845718387094654467e-01
1.842424036590301906e-01
1.843840974438116787e-01
1.840652885419242768e-01
1.843840965972005919e-01
1.842778275276455435e-01
1.884931724171033940e-01
1.897329799336092415e-01
1.894850187689524901e-01
1.909019405594954699e-01
1.886348636726785655e-01
1.887765566037644116e-01
1.843486735787386588e-01
1.828609057406448135e-01
1.808417925441486995e-01
1.810189068217281372e-01
1.808417917046222234e-01
1.797082532612137851e-01
1.790352149681833371e-01
1.799916374478748304e-01
1.789289458950859835e-01
1.798145223307688889e-01
1.791769079063537662e-01
1.780079464373987563e-01
1.769806779066141200e-01
1.747490248884126240e-01
1.749261400055185378e-01
1.756346013205532519e-01
1.755283322509981758e-01
1.693292980478287024e-01
1.616956318006326498e-01
1.552840586046573268e-01
1.570197884540188993e-01
1.528398674402609569e-01
1.478452160383709191e-01
1.461803322330178512e-01
1.465699854963185278e-01
1.473492928589041073e-01
1.469242165735991090e-01
1.487662154925158131e-01
1.491912917778207837e-01
1.504310992943265757e-01
1.516709068108324232e-01
1.518834449534849085e-01
1.532295215430881374e-01
1.534774835508136426e-01
1.539025598361185854e-01
1.559039619396047072e-01
1.557622690014343059e-01
1.543453472073490207e-01
1.543099241853447545e-01
1.565769993895663736e-01
1.576751139643595145e-01
1.577459600119103522e-01
1.580824783135856282e-01
1.586315364475932577e-01
1.590034786178839143e-01
1.593931318776422856e-01
1.596765160678455808e-01
1.597296501828598947e-01
1.598359192524149708e-01
1.604026884794326757e-01
1.610048798818435323e-01
1.611288608839351044e-01
1.608277639181265317e-01
1.619790134510027124e-01
1.617664753083502549e-01
1.625457826744780843e-01
1.626166287291135326e-01
1.679300881862799133e-01
1.716672209786540559e-01
1.727299116919164546e-01
1.695064148510721236e-01
1.661412242254462768e-01
1.632011098851254283e-01
1.627228986417373902e-01
1.633959369383101712e-01
1.637324552399854749e-01
1.625103596524738181e-01
1.625457826744780843e-01
1.622269754622705507e-01
1.626697636801119895e-01
1.630948399654169878e-01
1.623686667143034168e-01
1.622623976412060354e-01
1.622978215062790552e-01
1.622623984842748168e-01
1.626874747695797596e-01
1.599067661430345622e-01
1.591628818059955819e-01
1.592337286930728679e-01
1.584544213269450386e-01
1.584898443489493047e-01
1.575511329587255815e-01
1.546110194650157643e-01
1.550538085223837348e-01
1.543630582968167630e-01
1.534420605252670988e-01
1.529638492854213661e-01
1.518657330209484402e-01
1.473670039519141550e-01
1.415930443443697839e-01
1.413805061981749933e-01
1.388300451176124883e-01
1.361024697594705735e-01
1.316745884312092441e-01
1.330560880463591000e-01
1.331623571123718430e-01
1.314691352330190077e-01
1.315754051491851706e-01
1.315754051491851706e-01
1.314337130540835230e-01
1.315399821236385991e-01
1.287769833255003327e-01
1.253586581633257813e-01
1.200097765272239159e-01
1.150151255468682687e-01
1.097264627541622295e-01
1.038568616992098376e-01
9.593626626391539569e-02
8.948927004947812569e-02
8.342484257541371573e-02
7.662361548914957410e-02
