2.051065882357304138e-01
2.033000125959893434e-01
2.029989168848654602e-01
2.020956297876253527e-01
2.117306994025563716e-01
2.129350822048984848e-01
2.025171623403467791e-01
2.102252194618953740e-01
2.072142581413345952e-01
2.033602288669627556e-01
2.005901455473136363e-01
1.999879541431315855e-01
1.906539787940637054e-01
1.919788013104591351e-01
1.880043351824459141e-01
1.908346362183292455e-01
1.957726100202286657e-01
1.948693229169666252e-01
1.957726114534455719e-01
1.906539787940637054e-01
1.861375389660588076e-01
1.867397318094796421e-01
1.848729355991144685e-01
1.822835111249039020e-01
1.818619771510093797e-01
1.846922781688269954e-01
1.812597843075885451e-01
1.814404417258321800e-01
1.843911824697468949e-01
1.853546901436330940e-01
1.843309633202958042e-01
1.836685513454896501e-01
1.837889896323479655e-01
1.831265790907587454e-01
1.791521115355505234e-01
1.780079464373987563e-01
1.791521115355505234e-01
1.792725483831699995e-01
1.781886024224255127e-01
1.755389573836126926e-01
1.749367659794306973e-01
1.753583013985859640e-01
1.731904109163357186e-01
1.702396701724210037e-01
1.675298059962009867e-01
1.668673954546117388e-01
1.665361908974145599e-01
1.634047927352562102e-01
1.626821630502378047e-01
1.615379993853029161e-01
1.580452863806352803e-01
1.576839715381260776e-01
1.573226566956168748e-01
1.563591490157087427e-01
1.555763001932830847e-01
1.521438063260227291e-01
1.480790093420732978e-01
1.446465154808348752e-01
1.427195001270405439e-01
1.412140201863795463e-01
1.394074431134215697e-01
1.374804277536053054e-01
1.354329741129526588e-01
1.341081515905352961e-01
1.345296855704517791e-01
1.377815234466634453e-01
1.334457396157291420e-01
1.349512209896070458e-01
1.366975774919408360e-01
1.353727564087623125e-01
1.338070558914552510e-01
1.331446453438440980e-01
1.368782349101844709e-01
1.377815220134465668e-01
1.394074402349439468e-01
1.388654665349522421e-01
1.388654665349522421e-01
1.371191100326184520e-01
1.369384526143748171e-01
1.369384526143748171e-01
1.369384526143748171e-01
1.349512195503682066e-01
1.343490267129692772e-01
1.330844247671980063e-01
1.324220142256087862e-01
1.322413568013431906e-01
1.313982888415103079e-01
1.315909892321227848e-01
1.321329614928756224e-01
1.311092361087771718e-01
1.311092361087771718e-01
1.312778505606738699e-01
1.317716480896052589e-01
1.319523040806539205e-01
1.296037561741381072e-01
1.294833178933016971e-01
1.300855107307005987e-01
1.291099600844455852e-01
1.288690835227727649e-01
1.295314955036008242e-01
1.366494013329243307e-01
1.395278785157803292e-01
1.453691422873756300e-01
1.504877763859963635e-01
1.757798396781531658e-01
1.893291562776682757e-01
1.846922767416319666e-01
1.776466301556506866e-01
1.776466301556507421e-01
1.780079464313768511e-01
1.780079464313768511e-01
1.780079464313767956e-01
1.825243876865766945e-01
1.807780311842429322e-01
1.798145249435735837e-01
1.798145249435736115e-01
1.818619771449874190e-01
1.827050465440591964e-01
1.804769340519459531e-01
1.803564957771314758e-01
1.769842196200833995e-01
1.754185205420151772e-01
1.776466301616726473e-01
1.769240004826761192e-01
1.796940852355422003e-01
1.816211005893365593e-01
1.807178120528575849e-01
1.816211005893365593e-01
1.824039494117622451e-01
1.831265805299975569e-01
1.837889910715868047e-01
1.824039494117622451e-01
1.832470188108339670e-01
1.845718398940125182e-01
1.845899057797607545e-01
1.835661789624453699e-01
1.827833287068028056e-01
1.803745602236409284e-01
1.820606975885674383e-01
1.828435478442100304e-01
1.826628904199444625e-01
1.816993827340144252e-01
1.841081497839593684e-01
1.860773198346734603e-01
1.861375389720806850e-01
1.848307809021947079e-01
1.853727531689695063e-01
1.852944681458140175e-01
1.849331532972828540e-01
1.843309604598839524e-01
1.853546887164381485e-01
1.852944681458140175e-01
1.854149078598673062e-01
1.877032380621928009e-01
1.906539788061075158e-01
1.887269648855300908e-01
1.865590729640410061e-01
1.881849911855384139e-01
1.872817026430375065e-01
1.851138121547653559e-01
1.812597828743716111e-01
1.801156192094367503e-01
1.819221948551997259e-01
1.813802225944468327e-01
1.787305761224171619e-01
1.777670684425090575e-01
1.786703569789880042e-01
1.777670684425090575e-01
1.790316718214972069e-01
1.777670684425090575e-01
1.777670684425090575e-01
1.760207105069583333e-01
1.730097520588532445e-01
1.763820267826844701e-01
1.775864110242653948e-01
1.739732597387614044e-01
1.657232303564599440e-01
1.627423821996888675e-01
1.590087926273265617e-01
1.573226552623999963e-01
1.553354221983933581e-01
1.502770101096356226e-01
1.452487054457780868e-01
1.494038318584687275e-01
1.494038318584687275e-01
1.467541868196559351e-01
1.521438063260227291e-01
1.495242701393051377e-01
1.551547662073446687e-01
1.552752044881811067e-01
1.509695309425588827e-01
1.529868757190725181e-01
1.563591490157087427e-01
1.563591490157087704e-01
1.564494770052111683e-01
1.562688195809455727e-01
1.574430949704313520e-01
1.576237523946969477e-01
1.572022169815635861e-01
1.580452849413964689e-01
1.583463806404765140e-01
1.595808737341526118e-01
1.589485720446585371e-01
1.589184617593464854e-01
1.601529548530225833e-01
1.609056948233530682e-01
1.611164625269087824e-01
1.613573390946035080e-01
1.619294202134734795e-01
1.605443799808438654e-01
1.608153668218068044e-01
1.629531470187450259e-01
1.618692025032612281e-01
1.611465728242647000e-01
1.649403815280123808e-01
1.605443799868657984e-01
1.665662997555316660e-01
1.701794539014475638e-01
1.718053721229449715e-01
1.686137533841405023e-01
1.658436715037301667e-01
1.646995063995564390e-01
1.613874493859375203e-01
1.621100790649340206e-01
1.640672047160842972e-01
1.613573376553646965e-01
1.627724896005013633e-01
1.626821616109989654e-01
1.640069841334162726e-01
1.637359972864314006e-01
1.637962164238386531e-01
1.633445721465662803e-01
1.630434750142693567e-01
1.625015027535164913e-01
1.631940250136347248e-01
1.589184617593464854e-01
1.590389014733997741e-01
1.599722988619739494e-01
1.572624361189707831e-01
1.576538598015313208e-01
1.555762973208273670e-01
1.518427077605088438e-01
1.524147903125957215e-01
1.521136960407106498e-01
1.513308472122630866e-01
1.506082161000496522e-01
1.485607610322020045e-01
1.466939676822487382e-01
1.404311684914981151e-01
1.393472225247316953e-01
1.357340698120327038e-01
1.352523152554701846e-01
1.340479310199111929e-01
1.317596051232583498e-01
1.312778519999127091e-01
1.329639893588173416e-01
1.320727452219022102e-01
1.320727452219022102e-01
1.322534026461677781e-01
1.322534026461678058e-01
1.275563046893327113e-01
1.219860284753088164e-01
1.136155593789540397e-01
1.053053101366149963e-01
9.547151542918186351e-02
8.145850836432039221e-02
7.371431946525339174e-02
6.269420676330277054e-02
5.268577575647330480e-02
4.105142760004818620e-02
