2.050313143079494360e-01
2.039022054288718577e-01
2.031494643745958006e-01
2.008912466239680394e-01
2.136878228978593697e-01
2.155696728161581865e-01
2.017945319387199066e-01
2.136878228978593697e-01
2.095477516233082982e-01
2.047302150228161310e-01
2.001385019941770982e-01
1.982566520683508582e-01
1.911056237804171221e-01
1.893743216981089716e-01
1.880193910462268359e-01
1.902023348826229476e-01
1.944929522091709828e-01
1.944929522091709828e-01
1.959984325111471526e-01
1.902023348826229476e-01
1.868150046548205379e-01
1.856858957832703549e-01
1.853848000811793573e-01
1.870408282266736166e-01
1.824491151980345838e-01
1.878688414036601972e-01
1.837287719281576748e-01
1.798897981472187269e-01
1.856106218464564916e-01
1.847073329486623172e-01
1.847073329486623172e-01
1.829760308738815899e-01
1.810189070262963051e-01
1.835029483638319636e-01
1.780832203666851965e-01
1.784595899905352667e-01
1.789112335436717771e-01
1.780832185676366475e-01
1.777821228655456776e-01
1.763519164928559202e-01
1.755991772376284121e-01
1.731151359151475444e-01
1.704805467340937963e-01
1.695019857060617308e-01
1.679965054116129564e-01
1.671684922346263757e-01
1.637435259417049926e-01
1.632918823885684823e-01
1.624638692040545063e-01
1.578721561678880503e-01
1.574957865440379801e-01
1.574957865440379801e-01
1.577216101083636635e-01
1.563666776574330064e-01
1.543719159532076224e-01
1.496296550735230768e-01
1.454895838064994007e-01
1.420269796569379461e-01
1.396182104646950251e-01
1.375105387585368044e-01
1.362308802368925875e-01
1.336715631860767584e-01
1.325424525079506310e-01
1.341984806534449182e-01
1.329940960535597461e-01
1.352523156107634517e-01
1.344243024337768710e-01
1.308864243549289763e-01
1.348759477859619027e-01
1.331446457111811754e-01
1.320908089548141207e-01
1.334457396142236796e-01
1.378869065833383256e-01
1.381880022854293510e-01
1.378869047918171997e-01
1.364566984116000747e-01
1.364566984116000747e-01
1.360803287877500045e-01
1.366072462701729828e-01
1.365319723408865427e-01
1.358545070149454470e-01
1.360050548659909597e-01
1.349512181096239050e-01
1.333704656774098163e-01
1.326177264297097036e-01
1.316391654016776103e-01
1.311122479267820551e-01
1.331596976200662974e-01
1.316542191171386766e-01
1.307509320108656559e-01
1.314886175506321253e-01
1.311875218485410999e-01
1.331596994115874510e-01
1.327080558735057592e-01
1.302992884652565408e-01
1.301487406142110281e-01
1.305853304518864721e-01
1.293056719302422830e-01
1.287787544553467001e-01
1.293809476510498491e-01
1.381880023004841418e-01
1.410484132468150520e-01
1.452637584355977729e-01
1.495543793527154830e-01
1.807178131232538565e-01
1.899012391880593453e-01
1.863633593176902692e-01
1.768035618375135565e-01
1.768788357592726568e-01
1.773304811039302931e-01
1.778573985788258482e-01
1.778573985788258482e-01
1.823738394772269900e-01
1.801908938493097523e-01
1.814705523709539414e-01
1.799650738755537160e-01
1.829760326729301112e-01
1.823738412762755112e-01
1.779326725081122884e-01
1.795134267393749261e-01
1.758249990179603928e-01
1.752980815430648098e-01
1.752980815430648098e-01
1.755991772451558075e-01
1.792876049665703686e-01
1.799650720840325624e-01
1.813200045349632472e-01
1.835782258761606833e-01
1.833524023043076046e-01
1.829760326804575343e-01
1.848578826062837743e-01
1.831265805315030470e-01
1.831265805315030470e-01
1.841051415595351404e-01
1.845040935405705129e-01
1.836760785720628064e-01
1.822458721993730490e-01
1.803640222660194414e-01
1.820200504190410962e-01
1.825996612575589428e-01
1.820200504115137008e-01
1.822458721843182583e-01
1.838266246240597424e-01
1.867397307405888884e-01
1.866644568113024205e-01
1.856106200624627611e-01
1.857837502706935762e-01
1.857611679135082738e-01
1.847073311646685867e-01
1.850084268667596121e-01
1.857611679135082738e-01
1.857611679135082738e-01
1.859869914853613526e-01
1.860622654146478205e-01
1.904281566704822959e-01
1.899012391955867407e-01
1.883204849718514984e-01
1.874924699958164243e-01
1.871913742861980035e-01
1.847826068854761805e-01
1.796639745828930435e-01
1.792123310297565331e-01
1.819221941400967490e-01
1.807930852610191430e-01
1.777821228730730729e-01
1.790617813947172898e-01
1.795886988696128450e-01
1.760508207907649225e-01
1.795886988696128450e-01
1.771046557480834560e-01
1.771046557480834560e-01
1.763519164928559202e-01
1.739431490921341528e-01
1.774057532416956073e-01
1.771799314688910498e-01
1.758250008094815187e-01
1.644586273402924292e-01
1.599798260900525126e-01
1.582485258067929390e-01
1.571946890504258565e-01
1.551622912735541038e-01
1.477101672835293422e-01
1.448121166815098115e-01
1.503823943212231895e-01
1.502318464701776768e-01
1.472961598030391728e-01
1.496296550735230768e-01
1.516620528428674064e-01
1.554257526945198586e-01
1.543719159532076224e-01
1.496296550735230491e-01
1.516620528428674064e-01
1.563666776574330064e-01
1.566677733595240318e-01
1.564795876443110245e-01
1.573828747505840453e-01
1.567054094246429774e-01
1.576463343950835205e-01
1.584743475720700734e-01
1.593776346708156988e-01
1.596034564436202563e-01
1.592647228848891316e-01
1.599045521457112540e-01
1.578345165197268529e-01
1.604314678366131064e-01
1.605443796225396458e-01
1.614853045854527658e-01
1.621251320622811298e-01
1.621627699189212291e-01
1.615982163638519098e-01
1.609583871030297875e-01
1.632918805819925379e-01
1.614476685278612156e-01
1.622004077830887236e-01
1.661899294075457612e-01
1.600174621476440906e-01
1.633295184536874278e-01
1.690503439444463463e-01
1.701041806932860334e-01
1.707816442277059477e-01
1.680717811324205502e-01
1.628026009712644773e-01
1.585872557749543610e-01
1.637811619992965706e-01
1.637435259417049926e-01
1.614853027864042445e-01
1.623509556190794456e-01
1.620874977811559148e-01
1.646468130329232227e-01
1.643080794741921258e-01
1.631413327309470529e-01
1.638187980568881208e-01
1.626896873862894166e-01
1.626896873862894166e-01
1.638940719786471656e-01
1.597163664455530652e-01
1.598669160881197038e-01
1.587754432741610988e-01
1.584743475645426503e-01
1.568935933332800126e-01
1.543719141616864965e-01
1.516244131947061813e-01
1.528664356587588480e-01
1.512104075057371655e-01
1.497802029170411942e-01
1.500060246973731193e-01
1.469950623094270492e-01
1.454895837989720053e-01
1.386396476300869873e-01
1.416506064349908334e-01
1.335962874652691645e-01
1.332199178414191221e-01
1.329940960686145646e-01
1.320155368245762295e-01
1.315638932714396914e-01
1.324671821692338658e-01
1.322564141043629515e-01
1.339877143876225529e-01
1.339877143876225529e-01
1.339877143876225807e-01
1.281163419415787263e-01
1.207771270501988015e-01
1.090343839496322742e-01
9.367848973669191948e-02
8.191316382729607604e-02
6.921443980519025041e-02
5.906750642028632536e-02
4.634620049263916963e-02
3.360983996129780077e-02
2.649644729436641949e-02
