2.045474105080071492e-01
2.032569993324621904e-01
2.032569993281607978e-01
2.019665881612185687e-01
2.084186440217379588e-01
2.094939858170707936e-01
2.035580940129775029e-01
2.086337123825250661e-01
2.060528890077087671e-01
2.026548048571010507e-01
1.974931581160712657e-01
1.987405566414645885e-01
1.994717890586777675e-01
1.938800066241014586e-01
1.908260338904633202e-01
1.891484996758248660e-01
1.920734313921303726e-01
1.927616511634933361e-01
1.937509666347965731e-01
1.907400065470087891e-01
1.882021978697968057e-01
1.938369929545248060e-01
1.846320580128550382e-01
1.854923334862507711e-01
1.791693176150361833e-01
1.847180863714332211e-01
1.801156194167628510e-01
1.804597298143075235e-01
1.830835658306726732e-01
1.845890453584020097e-01
1.864386352836759908e-01
1.855783608254038819e-01
1.842879486347353268e-01
1.834706888740675612e-01
1.826104144200968171e-01
1.793413712782189473e-01
1.802016457364910285e-01
1.802876730799456151e-01
1.791693165956111666e-01
1.783520558112170473e-01
1.773197266660357929e-01
1.751260273669434930e-01
1.745238359627614422e-01
1.725021913505783433e-01
1.700934226669725269e-01
1.702224647080314845e-01
1.683943821251075446e-01
1.670609572799859888e-01
1.652113683741369687e-01
1.644371222830458001e-01
1.617702725971039979e-01
1.612110948667999644e-01
1.604798624495867576e-01
1.594905469782834928e-01
1.584152041635256414e-01
1.559204091601916475e-01
1.509308181297973062e-01
1.488231461698582003e-01
1.474897213247366445e-01
1.461132828057370714e-01
1.443712265468427847e-01
1.431238280214493785e-01
1.413172517657519944e-01
1.398977985534494983e-01
1.400698532360572790e-01
1.399408122230260954e-01
1.393386197994191111e-01
1.395967028492078321e-01
1.415323201222377647e-01
1.410591697353882901e-01
1.353813579099046316e-01
1.357684809532995474e-01
1.366717680574218718e-01
1.389084810303921336e-01
1.397257418147862806e-01
1.393816314172416082e-01
1.391665630607558657e-01
1.379621792286654658e-01
1.369728637573622010e-01
1.371879321138479713e-01
1.368438227400296525e-01
1.370588911008167599e-01
1.362416303164226128e-01
1.352953295384223265e-01
1.334887543064512960e-01
1.329295765761472070e-01
1.318542337613893833e-01
1.319058495540866016e-01
1.314326991672371270e-01
1.314757128368137518e-01
1.308305077673564687e-01
1.305724257369927366e-01
1.307874940934785346e-01
1.311746171411747874e-01
1.308305077673564687e-01
1.313036581542059711e-01
1.307444804239019098e-01
1.288862894035350537e-01
1.289293030731116230e-01
1.295831112937172180e-01
1.358200977826271860e-01
1.378331382156342821e-01
1.446293065211510243e-01
1.561139691419982101e-01
1.737926055843982964e-01
1.841158939521275462e-01
1.821372630095209888e-01
1.802446594060676255e-01
1.799435637018259870e-01
1.802446594060676532e-01
1.834276741764632457e-01
1.817071252642203649e-01
1.812769895749752336e-01
1.794704143430042032e-01
1.793413743536994009e-01
1.806317844969152764e-01
1.827824701264309515e-01
1.818791819985823011e-01
1.811909612077943488e-01
1.796424680061870227e-01
1.778789054243676004e-01
1.790402755825800107e-01
1.797284953496416093e-01
1.796424680104883598e-01
1.800726057514875911e-01
1.818361683333070411e-01
1.829115111480648648e-01
1.818791820028836104e-01
1.825243881003686119e-01
1.824383597331877271e-01
1.827394554331280563e-01
1.817931536357027256e-01
1.832556194938554650e-01
1.828254827765826429e-01
1.833115373675379689e-01
1.824512629135672526e-01
1.817630431465056540e-01
1.796553711865665481e-01
1.826233176004763703e-01
1.820211262005957675e-01
1.825372912764467725e-01
1.817630431336015318e-01
1.833115363395102226e-01
1.854622229970536440e-01
1.851912367625840050e-01
1.846019485344802258e-01
1.848600305691452950e-01
1.849030432192969031e-01
1.842879476067076083e-01
1.835137025436441860e-01
1.847180853477068674e-01
1.846750706544038889e-01
1.846750716781302426e-01
1.896216500712770703e-01
1.894065817147913278e-01
1.902238424991854748e-01
1.899227457712173994e-01
1.901808267778548056e-01
1.866967162989161821e-01
1.837717835502815089e-01
1.826534280896734141e-01
1.809328802011569703e-01
1.820942493356430270e-01
1.810619201947631651e-01
1.792123302694891840e-01
1.782230147938845266e-01
1.791263029217331770e-01
1.780079464373987563e-01
1.789112345652474345e-01
1.779649327678221593e-01
1.765454795555196355e-01
1.766745205685508469e-01
1.737495878285189310e-01
1.757282187711255161e-01
1.773627403399137825e-01
1.757712324407021132e-01
1.673405466656039675e-01
1.623294513554358054e-01
1.567806825947374028e-01
1.562645185340099663e-01
1.536406825133433962e-01
1.492962965567076750e-01
1.479198580334067648e-01
1.487371188221022489e-01
1.487371188221022489e-01
1.487371188221022489e-01
1.498554753064367251e-01
1.502425983541329779e-01
1.529524627419804605e-01
1.531675321221925568e-01
1.529094500918288524e-01
1.534256151762826426e-01
1.551891757149507500e-01
1.555332850887690410e-01
1.561999975091791504e-01
1.559419144550890368e-01
1.557698597681798913e-01
1.559204081321639290e-01
1.571247919599529641e-01
1.575119150033478521e-01
1.575979423468024387e-01
1.577915033566366643e-01
1.588668461713945157e-01
1.589098598452725331e-01
1.593184902353189103e-01
1.598346542960463190e-01
1.605873940599109873e-01
1.602217773394412070e-01
1.608024624249995149e-01
1.605873940642123798e-01
1.614691748411082040e-01
1.616412295280174050e-01
1.618562978845031475e-01
1.613401338280770481e-01
1.636413678215768164e-01
1.627595860209545831e-01
1.675986297153926607e-01
1.717709599527901254e-01
1.729323301153039005e-01
1.691901376103029098e-01
1.667383562808469055e-01
1.632542447824832377e-01
1.623939703242111565e-01
1.627380796980294753e-01
1.636413678258781534e-01
1.619853389018356959e-01
1.622219146092742648e-01
1.625660239830925835e-01
1.634693121109412617e-01
1.640284908649716766e-01
1.623724619495319488e-01
1.627165713147474546e-01
1.623509556223054762e-01
1.622434219559257540e-01
1.623724629689569376e-01
1.587808188279399846e-01
1.597271206296666246e-01
1.583076684410905099e-01
1.582216410933345307e-01
1.573183529654858248e-01
1.567161605418788406e-01
1.540278045330119305e-01
1.535546541418611188e-01
1.541568465697694956e-01
1.525008197017824751e-01
1.524578060279045133e-01
1.514684885091484856e-01
1.456186230247834279e-01
1.403279352707223759e-01
1.422635525394509715e-01
1.397257428385126343e-01
1.337468353130886467e-01
1.327145071959351663e-01
1.337038236952661496e-01
1.318972484589937266e-01
1.325080430100226969e-01
1.313896875494146299e-01
1.317337969189315561e-01
1.314757148885678517e-01
1.322499609796589926e-01
1.284217406193402522e-01
1.238837941647334129e-01
1.171736552501239786e-01
1.121410500382898218e-01
1.051599246311284708e-01
9.768844254772512947e-02
8.845769970540535987e-02
8.501660239278287234e-02
7.765265474570466619e-02
6.276991079164798149e-02
