2.035852610794817441e-01
2.024759603716696221e-01
2.027929039671312328e-01
2.027929039703006697e-01
2.067546925303354599e-01
2.067546917791801830e-01
2.036486496483430331e-01
2.059623346699991087e-01
2.040606745868623895e-01
2.006059938202235660e-01
1.979119766310752093e-01
1.983873908959500054e-01
1.989261937328554719e-01
1.983240015727640582e-01
1.922703887316581095e-01
1.903053415914789659e-01
1.919534451330270897e-01
1.926190266131350692e-01
1.926507208991504183e-01
1.889424858538971408e-01
1.890375687087737233e-01
1.929359679519614679e-01
1.852025557746426743e-01
1.857413601170280759e-01
1.828254836927746263e-01
1.833959808093566235e-01
1.824768458112977498e-01
1.802582443956735336e-01
1.823817629564211396e-01
1.832692036716341288e-01
1.858047486827199002e-01
1.841249501040011505e-01
1.835544522299250303e-01
1.820014307889288308e-01
1.818746536512063638e-01
1.803216314527159858e-01
1.811773778850830352e-01
1.816844871934672478e-01
1.808604350471155753e-01
1.803850200279161209e-01
1.780079464373987563e-01
1.779128635856915552e-01
1.762013707209574565e-01
1.763281478586800066e-01
1.748068207005296915e-01
1.718592492391056992e-01
1.710193503253239211e-01
1.694663288811582846e-01
1.677231417304088368e-01
1.670258674729349357e-01
1.659482610511381906e-01
1.653143753656949877e-01
1.634127167943770775e-01
1.624935817931487114e-01
1.613525868024907328e-01
1.591973739557277501e-01
1.570738546406554581e-01
1.550771132176304024e-01
1.520027646184838876e-01
1.508617696246564444e-01
1.480409752977855653e-01
1.468682852667874406e-01
1.457906780874966002e-01
1.447764602313916793e-01
1.433819102077944496e-01
1.418447355310588354e-01
1.416228755416291119e-01
1.425895523442886892e-01
1.434452987766557386e-01
1.436037709547182684e-01
1.402283247700461255e-01
1.380097218457725372e-01
1.374392239716964170e-01
1.375026125373882968e-01
1.381048039399855876e-01
1.388020789486147655e-01
1.389922446551985491e-01
1.388971618034913480e-01
1.374075289313563819e-01
1.383900525014459537e-01
1.374709175002176431e-01
1.379146382365711854e-01
1.373441403624951485e-01
1.365517824989893603e-01
1.354741760771926151e-01
1.347135124965327668e-01
1.343331810833651163e-01
1.331985244960476045e-01
1.334837738118327399e-01
1.322476959662980400e-01
1.315504209544994529e-01
1.312651723962084682e-01
1.315187266716535408e-01
1.308531467033644258e-01
1.311700895476707318e-01
1.309165352690562500e-01
1.306312867107652653e-01
1.305045095762121798e-01
1.303777324416590666e-01
1.303777324416590944e-01
1.351952666829056571e-01
1.378512496645405427e-01
1.448873890898653427e-01
1.567569117931797151e-01
1.699417461569929788e-01
1.827303993324181364e-01
1.813992378776821679e-01
1.819380414657429113e-01
1.813358500631455927e-01
1.806702693373623547e-01
1.854878050872583173e-01
1.858681357461012262e-01
1.843151158105849619e-01
1.813358508206397157e-01
1.796243579559056169e-01
1.801314672611204204e-01
1.801948558268122724e-01
1.823817629564211118e-01
1.813675443491609418e-01
1.801314657524710483e-01
1.799413000458872647e-01
1.784199728877369495e-01
1.786735271600125574e-01
1.806068807716705027e-01
1.804484093511020404e-01
1.820965144012995918e-01
1.821915972530067929e-01
1.813358500663150019e-01
1.815260157728988410e-01
1.824134557337870888e-01
1.822232900303727421e-01
1.818112643311897980e-01
1.826353172350356491e-01
1.831424257827563296e-01
1.830251562484598027e-01
1.825814355152756974e-01
1.809967197914335857e-01
1.811234969259866712e-01
1.816623012715414820e-01
1.823912705661860090e-01
1.817573841232486831e-01
1.828032970101853560e-01
1.836273491597064933e-01
1.849902048972883462e-01
1.844830948345794197e-01
1.842295398079791258e-01
1.843246234171803943e-01
1.841661512391178368e-01
1.838080049935513216e-01
1.855194993701042294e-01
1.841027626702565478e-01
1.848856129271668758e-01
1.846003643688759188e-01
1.880233508590076763e-01
1.890375687151125972e-01
1.899567044738350030e-01
1.909709223267705147e-01
1.895446772691720960e-01
1.891960401356810317e-01
1.846954472237525291e-01
1.828254829384499680e-01
1.810822957877005202e-01
1.811456843565617814e-01
1.809555178988227486e-01
1.804484093511020404e-01
1.795926621644103327e-01
1.800363828975944658e-01
1.788953871526117456e-01
1.799096057598718879e-01
1.785150557426135598e-01
1.784833614565982107e-01
1.774057550348014101e-01
1.743314056813302371e-01
1.758210385566346123e-01
1.755991785608660705e-01
1.751237635448360253e-01
1.700843685598350252e-01
1.628422196777951081e-01
1.582148503888076152e-01
1.553940560619367084e-01
1.539678117554935943e-01
1.461710102549888535e-01
1.461393152146488184e-01
1.466147302338482727e-01
1.466147302338483005e-01
1.466147302338483005e-01
1.472169223907702773e-01
1.475972538039378446e-01
1.508934631500082058e-01
1.510836296109166754e-01
1.518442931915765515e-01
1.519076817604378404e-01
1.536508696655119743e-01
1.534923982417740751e-01
1.543322971555558532e-01
1.541104364086320067e-01
1.543006021152158180e-01
1.548394057032765336e-01
1.551563485475828397e-01
1.572798671083304733e-01
1.572798671083304733e-01
1.574224910103136088e-01
1.580563774500814977e-01
1.581197660189427867e-01
1.587853467447260247e-01
1.588804295996026350e-01
1.593399971002168181e-01
1.598787999339528199e-01
1.594984685239546618e-01
1.605443806629055226e-01
1.611148777794874365e-01
1.607979341808564444e-01
1.615585977583469113e-01
1.614476681392096602e-01
1.625886631330371035e-01
1.634761038545889666e-01
1.678182260971042561e-01
1.710035043122185849e-01
1.715423071491240514e-01
1.692920122049786091e-01
1.662176636058320667e-01
1.632067028148832810e-01
1.641733796207122398e-01
1.636345760326515242e-01
1.636028817466362029e-01
1.620815545853163953e-01
1.628422181628068899e-01
1.623351096119167725e-01
1.627312877893449528e-01
1.628739116944975529e-01
1.619864709792845636e-01
1.622241784872995585e-01
1.626203574158830156e-01
1.623668031404379708e-01
1.620815545821470138e-01
1.593399971002167903e-01
1.596886342273690085e-01
1.592449142453401800e-01
1.592290674779101300e-01
1.588011942633113238e-01
1.571372424488531871e-01
1.546650867609533353e-01
1.551246550127227675e-01
1.544432267683542026e-01
1.539361182206335221e-01
1.533814678683121935e-01
1.504972842214248041e-01
1.466939655701395839e-01
1.434611447929305117e-01
1.409255990243506174e-01
1.375343075777283042e-01
1.353473996906253141e-01
1.317976368297734402e-01
1.327484668745112784e-01
1.328118554402030749e-01
1.320258367343624673e-01
1.310433131674423324e-01
1.310433131674423324e-01
1.313285624800580031e-01
1.295536806693002585e-01
1.286028513852260358e-01
1.254492663183011947e-01
1.209486741670362242e-01
1.163213037465617300e-01
1.117161201925035291e-01
1.063059004564398391e-01
9.947260618134674826e-02
9.421134969826666650e-02
8.850003445265489099e-02
8.216117173160507325e-02
