2.043323421472200419e-01
2.043323421472200696e-01
2.026117932220730944e-01
2.008912463701871265e-01
2.150857682473458488e-01
2.168063171552872814e-01
2.014934357226150496e-01
2.146556315343743360e-01
2.120748071358316555e-01
2.095800100850449266e-01
2.013213789882531690e-01
2.000309667932831936e-01
1.901378161665531474e-01
1.905679528795246325e-01
1.905679528795246325e-01
1.944391853781318180e-01
1.944391853781317903e-01
1.948693220911033031e-01
1.952994588126775455e-01
1.912561716271612144e-01
1.891915112893460260e-01
1.872989097505508571e-01
1.875569917766132522e-01
1.879011031978842505e-01
1.842019233387335031e-01
1.917723356878886787e-01
1.804167161404295339e-01
1.806747981664918734e-01
1.825674017613425071e-01
1.815350715924348712e-01
1.815350715924348712e-01
1.854063061384947642e-01
1.794704133106751198e-01
1.801586320669144592e-01
1.795564406670338009e-01
1.786961651850353383e-01
1.792983565849159966e-01
1.795564386109783361e-01
1.779219170421900975e-01
1.775778076683718065e-01
1.749109579781286672e-01
1.720720536095791398e-01
1.712117801750333845e-01
1.700934247144252620e-01
1.683728758064838293e-01
1.633832858084185713e-01
1.634263005017215220e-01
1.635983551800279101e-01
1.629101364323913004e-01
1.576624643910582158e-01
1.574904097041490980e-01
1.579205464257233404e-01
1.581786304992383874e-01
1.566301362696033705e-01
1.540923265729663705e-01
1.489306818879919947e-01
1.440271171816271956e-01
1.402419099833232818e-01
1.384353337276258977e-01
1.360265660634450702e-01
1.331876596388400502e-01
1.318972474352673452e-01
1.337038216435120497e-01
1.350802611776351914e-01
1.346501244560609489e-01
1.337038216349092923e-01
1.327575208612103430e-01
1.322413568004829065e-01
1.350802632422934135e-01
1.310369740093243751e-01
1.290583430581150604e-01
1.336177943043588279e-01
1.368008100941793814e-01
1.390375230714510357e-01
1.368008080467266740e-01
1.363706713251524316e-01
1.363706713251524316e-01
1.363706713251524316e-01
1.364566986729083831e-01
1.364566986729083831e-01
1.363706713337551890e-01
1.364566986729083831e-01
1.353383411562448513e-01
1.335317669480001468e-01
1.324994388351480035e-01
1.312090286876307910e-01
1.318112200875114215e-01
1.337210258811505070e-01
1.285593832436288664e-01
1.305380141862353960e-01
1.312090286876307910e-01
1.314671107136931583e-01
1.337210279286032144e-01
1.332908912242344868e-01
1.306240415339913474e-01
1.301767005747786476e-01
1.306928646269033545e-01
1.292303977450242336e-01
1.287142336928994990e-01
1.294024544879888439e-01
1.395536871407812296e-01
1.427367008831490758e-01
1.439410857303630997e-01
1.484145157712090934e-01
1.791263059929122936e-01
1.916002810095822628e-01
1.858364408126162992e-01
1.768895889207351690e-01
1.768895889207351690e-01
1.786961672238853160e-01
1.792983586237659743e-01
1.774057550289153407e-01
1.829975384829167218e-01
1.807608255056450675e-01
1.815350736484903638e-01
1.827394585129098470e-01
1.837717866257619903e-01
1.817931556831554329e-01
1.774917823766712921e-01
1.785241104981261928e-01
1.750830126736405423e-01
1.767175342424287809e-01
1.767175342424287809e-01
1.770616436162470997e-01
1.782660284720638255e-01
1.790402766063063922e-01
1.817931556917581626e-01
1.825674038260007293e-01
1.833416499127905053e-01
1.836857592866087963e-01
1.842019233473362605e-01
1.842019233473362327e-01
1.842019233473362050e-01
1.846320600603077733e-01
1.836255382996119512e-01
1.837115656473678471e-01
1.810447139096720004e-01
1.804425225011886125e-01
1.824211534437951421e-01
1.835997298914001374e-01
1.817931536270999682e-01
1.819910167136181423e-01
1.834534795091946058e-01
1.871268550636417394e-01
1.872989097505508849e-01
1.860945248947341313e-01
1.860945248947341035e-01
1.856643861257071537e-01
1.848901400389173777e-01
1.856643861257071537e-01
1.860945248947341313e-01
1.860945248947341035e-01
1.860945248947341035e-01
1.860084975555809095e-01
1.885032925589149033e-01
1.897937047624876084e-01
1.880731558459433905e-01
1.880731558459434183e-01
1.877290464635223421e-01
1.849761694341260365e-01
1.791263039454595585e-01
1.792123312846127803e-01
1.826534270702484253e-01
1.801586320669144592e-01
1.775778076769745362e-01
1.795564386195811213e-01
1.792983565849159688e-01
1.752550673519469304e-01
1.799865753325525508e-01
1.764594501603109766e-01
1.787821904767358527e-01
1.755991767257652214e-01
1.748249306389754454e-01
1.768035615815819750e-01
1.762013701817013445e-01
1.751690420602464993e-01
1.659641081509057592e-01
1.596841059492677961e-01
1.583506831472975829e-01
1.564580795438442196e-01
1.552536946880274660e-01
1.465649268696614382e-01
1.462638301502961480e-01
1.497909553139349925e-01
1.485005451664177800e-01
1.460917754633869747e-01
1.489306818879919947e-01
1.512534221958141134e-01
1.555547934548454914e-01
1.541783539207223497e-01
1.487586272010828214e-01
1.512534221958141134e-01
1.566301362696033705e-01
1.563720542349382459e-01
1.565871215676976624e-01
1.567161615613038017e-01
1.568452036023627039e-01
1.579205464257233404e-01
1.590389018863314075e-01
1.594690385907001906e-01
1.603293120252458903e-01
1.588668451433667972e-01
1.606734213990642091e-01
1.577054749894557517e-01
1.598131459256684761e-01
1.609745160795795493e-01
1.614046528011538195e-01
1.621788988965463252e-01
1.618778042160309849e-01
1.615336948336099365e-01
1.618778042074282553e-01
1.630821890632450089e-01
1.617487642310275475e-01
1.627810923524824482e-01
1.666523268899396115e-01
1.601142426536365515e-01
1.638994498605432504e-01
1.682008231584246338e-01
1.693191806750881934e-01
1.700934247144252620e-01
1.677706844066031711e-01
1.632972584520598347e-01
1.587378031109106524e-01
1.638134225127873267e-01
1.635553404867249594e-01
1.612756107514921600e-01
1.635553404695195001e-01
1.618778062634837200e-01
1.644586286059709079e-01
1.649747926666983999e-01
1.618778042074282553e-01
1.637704078022788612e-01
1.613616380992481114e-01
1.639424624891880344e-01
1.645016412432183939e-01
1.604583520274548147e-01
1.598991773683298701e-01
1.581786284517856800e-01
1.586087651561544354e-01
1.561569827986706571e-01
1.540923245255136631e-01
1.555117767140898333e-01
1.514254768913259885e-01
1.516835589173883558e-01
1.489306818793892373e-01
1.503071214221151919e-01
1.465219121763584875e-01
1.441131445121776877e-01
1.366287574547229711e-01
1.404139626055742052e-01
1.332736849305405369e-01
1.332736849305405646e-01
1.327575208784158300e-01
1.331016322910841265e-01
1.327575249647185429e-01
1.325854702778093974e-01
1.325854702778093974e-01
1.338930846715678524e-01
1.348393854452668017e-01
1.338930846715678524e-01
1.271829447332320506e-01
1.187952705716549956e-01
1.065793755421973882e-01
8.902978215597982803e-02
7.558369540238460416e-02
6.803908992155026370e-02
4.947437265151629487e-02
3.467765527957149263e-02
2.833743414699211802e-02
2.446620010849402324e-02
