2.045713069848922039e-01
2.039022054313809895e-01
2.039022054246899529e-01
2.035676546546253685e-01
1.998875912994688697e-01
2.109277749817034253e-01
1.990177560896249920e-01
2.008912452288899586e-01
2.095895702755267154e-01
2.046382155517947055e-01
2.002221404837612462e-01
1.975457310647168452e-01
1.985493849941379063e-01
1.888474028331535992e-01
1.888474028331535992e-01
1.938656693020235633e-01
1.938656693020235633e-01
1.942002200787791844e-01
1.938656693020235633e-01
1.907208887874920766e-01
1.861040848472066966e-01
1.867731864140999565e-01
1.847658801410300144e-01
1.840967785808277357e-01
1.814872793144580720e-01
1.899848770746151438e-01
1.836953176513974606e-01
1.780079480298620009e-01
1.817549199385389280e-01
1.810858167858734602e-01
1.842975074463886476e-01
1.827585722688057634e-01
1.795468816082906038e-01
1.781417667494392121e-01
1.776733956606431353e-01
1.790116003668198452e-01
1.781417667427482032e-01
1.800152526970866806e-01
1.805505339519394847e-01
1.776064839088141722e-01
1.754653573303947833e-01
1.733242307519754222e-01
1.723874885676922875e-01
1.715176565427748712e-01
1.702463619892729263e-01
1.670346713220667023e-01
1.670681271946356794e-01
1.666666662585143399e-01
1.623175029423098437e-01
1.615814912227418465e-01
1.577006989953334271e-01
1.574999685306182340e-01
1.572992380592120598e-01
1.566301364990098088e-01
1.552250216334673805e-01
1.510431329094091002e-01
1.473630695609436103e-01
1.435491874929009093e-01
1.414080593220183035e-01
1.396014835203545357e-01
1.375272655021466117e-01
1.363228811013193764e-01
1.340479326117053060e-01
1.355199576299224162e-01
1.359883287187184930e-01
1.357206880946375815e-01
1.347839443245822388e-01
1.343155732290951532e-01
1.392669311444446612e-01
1.333788310581940639e-01
1.319068060332859171e-01
1.347170341719075293e-01
1.380625451444631446e-01
1.380625451444631446e-01
1.380625451444631446e-01
1.390661974814209889e-01
1.390661974814209889e-01
1.390661974814209889e-01
1.390661974881120255e-01
1.375941724632038510e-01
1.374603521511633952e-01
1.361221474382957042e-01
1.352523138142240344e-01
1.337802903817791322e-01
1.325759075801061226e-01
1.321075364913100736e-01
1.325759075801061504e-01
1.326561988131906566e-01
1.295114198978134235e-01
1.310503550753962798e-01
1.278921950863002588e-01
1.320406263386353640e-01
1.289761386563426371e-01
1.316525464896148856e-01
1.303143433692103559e-01
1.299128824330890164e-01
1.295649489834603540e-01
1.284943864938278002e-01
1.295649505826145798e-01
1.296452418156991415e-01
1.306488957451202304e-01
1.359348012456078336e-01
1.394007498640218723e-01
1.676368643086754151e-01
1.891150434572344829e-01
1.833607636830243415e-01
1.835614941477394790e-01
1.788777784623161449e-01
1.772719331253675146e-01
1.820894707152945768e-01
1.820894707152945768e-01
1.830262144853499195e-01
1.845651496696237848e-01
1.807512676015811115e-01
1.808850879136215395e-01
1.810858183850277414e-01
1.802828949136307812e-01
1.786770495833732153e-01
1.788108699021046799e-01
1.788777800614703706e-01
1.759337284191908601e-01
1.741940627768928385e-01
1.760675487312313159e-01
1.758668182665161506e-01
1.768704721959372117e-01
1.789446902141451079e-01
1.823571129452207229e-01
1.823571129452207229e-01
1.846320614281438122e-01
1.834276754348533323e-01
1.834276754348533045e-01
1.834276754348533045e-01
1.825578434099358882e-01
1.840298668356898093e-01
1.840499400420767817e-01
1.827786454885748091e-01
1.806375173176921756e-01
1.805036969989607110e-01
1.832938551228128488e-01
1.839830298827110355e-01
1.814404407690160537e-01
1.799015039989699527e-01
1.844514009781980934e-01
1.865724559493847634e-01
1.867062778471974271e-01
1.855688036057359380e-01
1.858565158437405218e-01
1.859702645418572498e-01
1.834276738290080422e-01
1.884459403045690151e-01
1.856357121659474030e-01
1.857026223253131492e-01
1.851004293253223631e-01
1.898510551834934612e-01
1.922598239784569785e-01
1.893826856871606568e-01
1.880444809742929380e-01
1.909216192722803240e-01
1.884459419037232686e-01
1.836953160522431516e-01
1.784094073668290870e-01
1.802159831684928548e-01
1.808850847286950780e-01
1.809519948880608242e-01
1.790785073412591022e-01
1.791454190863970564e-01
1.773388432847332885e-01
1.773388432847332608e-01
1.791454190863970564e-01
1.780079448449355395e-01
1.782086753096507048e-01
1.762682791959464812e-01
1.756660877951100042e-01
1.792792393984375399e-01
1.784763175261948609e-01
1.746624354581521599e-01
1.710492838615155775e-01
1.638229806615515427e-01
1.560948520793036254e-01
1.558272114552227416e-01
1.520802395331637136e-01
1.468612425928875753e-01
1.424117116522851112e-01
1.458910445360354358e-01
1.479652625542433320e-01
1.458910445360354358e-01
1.479652625542433042e-01
1.510431329094091002e-01
1.543886438886557244e-01
1.545224642006961524e-01
1.498387485152728460e-01
1.556933927222634295e-01
1.566301364990098088e-01
1.566301364990098088e-01
1.567305009317902786e-01
1.571988720205863277e-01
1.568977755239364669e-01
1.562286739704252247e-01
1.572992364667488152e-01
1.581021583323004853e-01
1.595072731978429414e-01
1.602098306306141418e-01
1.595072731978429414e-01
1.581356126124062456e-01
1.603101934776223758e-01
1.603436493501913529e-01
1.613473016871492249e-01
1.607116560062069599e-01
1.597080020767858988e-01
1.622171337120666135e-01
1.626855064000169160e-01
1.633211536734223979e-01
1.616818540697501083e-01
1.619160388212620427e-01
1.662317478573607787e-01
1.628862368781141268e-01
1.674361322514970329e-01
1.699787229576552317e-01
1.711161971991167485e-01
1.687074284041532590e-01
1.650273650556877691e-01
1.671015830672046565e-01
1.649604548963220507e-01
1.646928142722411392e-01
1.596745478033711751e-01
1.627524165526916533e-01
1.631873333680730065e-01
1.632542435274387249e-01
1.659306529397921171e-01
1.654622818509960402e-01
1.632542435207476883e-01
1.631873333613819421e-01
1.624513200560417925e-01
1.629866013042035600e-01
1.633880622336339183e-01
1.626185962406511976e-01
1.592061767011930806e-01
1.592061767011930806e-01
1.561617638177505152e-01
1.558272114418406684e-01
1.547901032323138748e-01
1.518795074692942948e-01
1.533515340799746496e-01
1.525151579343172470e-01
1.521136969981959075e-01
1.515115055906683661e-01
1.480990812738205709e-01
1.446866601418992093e-01
1.355868693750603704e-01
1.371927147053179363e-01
1.359214185660437835e-01
1.332450091469993825e-01
1.317060755685707241e-01
1.296318591428260725e-01
1.330442802747474340e-01
1.311038857535064550e-01
1.312510871392656986e-01
1.315856395151755731e-01
1.329238426288890385e-01
1.334591238770508059e-01
1.277048448990722729e-01
1.211810983289568072e-01
1.118805771107848485e-01
9.823089336594897913e-02
8.777282589093045317e-02
7.554832902702204867e-02
6.152394649350245714e-02
4.980127699242038741e-02
3.848006763122805568e-02
3.138758433515210361e-02
