2.040903902407968928e-01
2.040903902445605766e-01
2.033376491978119427e-01
2.018321706911205826e-01
2.003266894971475476e-01
2.065367928184044799e-01
2.062356971163134545e-01
2.064238819282384896e-01
2.057840535631769441e-01
2.020579897766434374e-01
1.982942881334698315e-01
1.981061042173053455e-01
1.975039119173627733e-01
1.917454512497180907e-01
1.894495947353985743e-01
1.915949042944331271e-01
1.951327814737567889e-01
1.951327814737567889e-01
1.937778499223503925e-01
1.885086697724854266e-01
1.851589765055625392e-01
1.926487392517516883e-01
1.943047674010096593e-01
1.862504502152817487e-01
1.806049004378030287e-01
1.821856537695413780e-01
1.807178113279689913e-01
1.781584960762017111e-01
1.804543525905212276e-01
1.844062372540987149e-01
1.848202438425919913e-01
1.836158601422311076e-01
1.832771265797363269e-01
1.815081875440760495e-01
1.814705505831965271e-01
1.798521593948180786e-01
1.798145224339385284e-01
1.798521593985817624e-01
1.819598311009762437e-01
1.803038029517183005e-01
1.789865083611913987e-01
1.766530139902317553e-01
1.751851715486593686e-01
1.739807878482985126e-01
1.719860261403093893e-01
1.714214717007706279e-01
1.695584407032644236e-01
1.683916939637830346e-01
1.667733036711651629e-01
1.659452904904148984e-01
1.653807360508761093e-01
1.648914555368600487e-01
1.628966947208678462e-01
1.620310436834774825e-01
1.607890230222370487e-01
1.564607687310457795e-01
1.539767265052769396e-01
1.500248418379357407e-01
1.485193615397232825e-01
1.473902517611214158e-01
1.463740528726855672e-01
1.450191204217548546e-01
1.434571842305791267e-01
1.422151626698144322e-01
1.424786214072622237e-01
1.423280735562167387e-01
1.418011551855605790e-01
1.399945791852570953e-01
1.404085866695109486e-01
1.383761880006423306e-01
1.355910491732582324e-01
1.364943371752918577e-01
1.373223503522784106e-01
1.387149197640886178e-01
1.399193034644495293e-01
1.399569404253290239e-01
1.396934816878812602e-01
1.388654676151341305e-01
1.377739939054149487e-01
1.379621787173399561e-01
1.375858090897262020e-01
1.372470764267556542e-01
1.363437884247220844e-01
1.354028634618089644e-01
1.346877611712246625e-01
1.343490285082541424e-01
1.330317339177272407e-01
1.320606988479014476e-01
1.318725140359763848e-01
1.313079595964375956e-01
1.308186790824215906e-01
1.316466931589324041e-01
1.309315899725875532e-01
1.307434051606625180e-01
1.307057681960193118e-01
1.311574117453921107e-01
1.308186790824215628e-01
1.291626518326878525e-01
1.292755627228538429e-01
1.293131996837333375e-01
1.304799473227389872e-01
1.332274473939587534e-01
1.360878583440533474e-01
1.716849322222121499e-01
1.844438733229813721e-01
1.833900374736660011e-01
1.825620233971551598e-01
1.819974680580920823e-01
1.807554473968516484e-01
1.798521593948180786e-01
1.840298667307243841e-01
1.880570262193489162e-01
1.863257241445681611e-01
1.857611697050293997e-01
1.802285317134772469e-01
1.805672643764477669e-01
1.819974698533769475e-01
1.815458254044798325e-01
1.812070918457487356e-01
1.802285299219560932e-01
1.791746940726406945e-01
1.777444876999509926e-01
1.798145224339385562e-01
1.789865083611913710e-01
1.796639754824173041e-01
1.804543525942849114e-01
1.824867503711566641e-01
1.805296265198076955e-01
1.814705514827207877e-01
1.825996612575589428e-01
1.824114755498733587e-01
1.822609276988278459e-01
1.829383939205294907e-01
1.834276753303060725e-01
1.833636916876154044e-01
1.820087592442121704e-01
1.814442039089128045e-01
1.810678342812990227e-01
1.829496851028858395e-01
1.838529722053951487e-01
1.824227658289417353e-01
1.803527301916661996e-01
1.832507808012131534e-01
1.853960903602477339e-01
1.853847991816550689e-01
1.840787948701965715e-01
1.842293409334846421e-01
1.855466373155326698e-01
1.867773667981804386e-01
1.948316839801446654e-01
1.850084286582807380e-01
1.867397307368251769e-01
1.882452101392770860e-01
1.902399718510298654e-01
1.905034314880019175e-01
1.897506913407775442e-01
1.897506913407775442e-01
1.912938068121121105e-01
1.885839437017718945e-01
1.824491125069891695e-01
1.807178104322084422e-01
1.794381528063247744e-01
1.800027081416241126e-01
1.812447279108677090e-01
1.794381519143279091e-01
1.790617831862384157e-01
1.775939389493811915e-01
1.771422954000083927e-01
1.775939389493811915e-01
1.772552062864106714e-01
1.770670214744856641e-01
1.763895552490202800e-01
1.765401031038295043e-01
1.757873629528414194e-01
1.765401031000657928e-01
1.749593488763305782e-01
1.714214725965312047e-01
1.642892623449206113e-01
1.613159396088994502e-01
1.551811102056378511e-01
1.529228906521978570e-01
1.469386073084606448e-01
1.453954900456049526e-01
1.461105932357135151e-01
1.469386073084606448e-01
1.469386073084606448e-01
1.478042583458510084e-01
1.482559018989875188e-01
1.498366561264864449e-01
1.526594319109863818e-01
1.529605276130773794e-01
1.532616242109289539e-01
1.532239872462857200e-01
1.536756307994222581e-01
1.559150314245421887e-01
1.556515717875701643e-01
1.569312303092143535e-01
1.561784901619899801e-01
1.564607678315215189e-01
1.591706318338586001e-01
1.600174630396409281e-01
1.579286093698059334e-01
1.587942604071962971e-01
1.585308016697485056e-01
1.593211787816161407e-01
1.593964518113783202e-01
1.603938326672547099e-01
1.606949283693457076e-01
1.605820174829434288e-01
1.599986441075571808e-01
1.612971197735277307e-01
1.615982154718550445e-01
1.619181301022661057e-01
1.613535756627272888e-01
1.654183712202345058e-01
1.631977877356771689e-01
1.674507690008699423e-01
1.699912680153626288e-01
1.717225691906190677e-01
1.681846920112954336e-01
1.648349987481362300e-01
1.676577736406392738e-01
1.646468130442143296e-01
1.637058880813012096e-01
1.616923083294615482e-01
1.621815897392381300e-01
1.631789696993539707e-01
1.628402370363834506e-01
1.633671554032758433e-01
1.632918814777531147e-01
1.627837811434201531e-01
1.622756808015597962e-01
1.622945006256404366e-01
1.621815888397138972e-01
1.621627708071544105e-01
1.618240381404201789e-01
1.582485248997412275e-01
1.584743466725457850e-01
1.582861618606207776e-01
1.575898767030716741e-01
1.567430445977650577e-01
1.534498081270934122e-01
1.542025482743178411e-01
1.541272743487950569e-01
1.534686288469346294e-01
1.530169843980375144e-01
1.486322706308407238e-01
1.456965848556990850e-01
1.392794759989122444e-01
1.410860519992157280e-01
1.388654676151341305e-01
1.353652265009294420e-01
1.322789937705028673e-01
1.343490285120178263e-01
1.331070087465379692e-01
1.331822826720607256e-01
1.311950496095595775e-01
1.307057690955435447e-01
1.312326865704391277e-01
1.316090561980528817e-01
1.282970003474172005e-01
1.249661264604583488e-01
1.193205766829796288e-01
1.143148557184427427e-01
1.088085623913585959e-01
1.019322829054101209e-01
9.355428721628930577e-02
8.700544944054069973e-02
8.056199524934726242e-02
7.363678717228261394e-02
