2.046549446840993658e-01
2.036512923488142668e-01
2.041531185139476567e-01
2.013930721969459936e-01
1.996366782152293740e-01
2.084186421470569928e-01
1.992352148904131814e-01
2.104259504056877061e-01
2.076659028943386165e-01
2.026978190399746638e-01
1.994359441641264663e-01
1.978802818448179845e-01
1.991348484620354409e-01
1.886968545831558819e-01
1.877935674819011247e-01
1.918583630306263388e-01
1.946184093526462933e-01
1.946184093526462933e-01
1.951202355227979746e-01
1.882953936470345424e-01
1.863382691972572947e-01
1.868400953724272673e-01
1.882953936520528337e-01
1.848327894974730601e-01
1.792625142439454311e-01
1.838793197766940557e-01
1.831265793296282529e-01
1.761010069908223452e-01
1.840298676302486447e-01
1.842807807128153674e-01
1.853847994764782070e-01
1.843811459418274179e-01
1.826247519651290896e-01
1.818218300979046742e-01
1.799650708821577405e-01
1.799650708821577405e-01
1.800152523023164086e-01
1.800152523023163809e-01
1.794130609031526491e-01
1.777068495409603044e-01
1.772050233708086509e-01
1.761010046071457558e-01
1.733911409046501317e-01
1.714340176542385741e-01
1.692259801218946036e-01
1.684732408691761718e-01
1.681972370715119069e-01
1.660895647681800147e-01
1.651862776619069662e-01
1.645840862577249430e-01
1.637811643905005277e-01
1.607702049909321140e-01
1.603185614352864719e-01
1.567054094321703728e-01
1.556013906685075054e-01
1.528413443464875787e-01
1.501314806439918992e-01
1.475721647900326283e-01
1.453390353532619250e-01
1.440844687360444409e-01
1.420269790572550594e-01
1.405716807776294930e-01
1.390160172639735847e-01
1.372094406627326901e-01
1.375607189793297269e-01
1.402705838761727775e-01
1.366574306837275432e-01
1.354530466810160982e-01
1.397687577110393875e-01
1.332450103430195265e-01
1.338472017421833138e-01
1.338472017421833138e-01
1.386647365486451955e-01
1.388152843971815209e-01
1.388152843971815209e-01
1.391665627187968213e-01
1.399193031658626518e-01
1.385141886950904955e-01
1.386145539341391286e-01
1.374101699314276559e-01
1.365570642453132477e-01
1.360552380801798300e-01
1.355534107156807500e-01
1.344493931413470456e-01
1.328435482075325247e-01
1.323919046518868825e-01
1.321409915693202153e-01
1.319001142920425695e-01
1.316492012094758468e-01
1.317997490580122000e-01
1.306455488741907756e-01
1.307459141082211174e-01
1.313982881269091241e-01
1.314484707464334823e-01
1.311473750443424569e-01
1.321008459594689155e-01
1.289293029010567804e-01
1.287285724380143603e-01
1.295816769247630784e-01
1.295415301155461718e-01
1.302942717619776924e-01
1.341081530388069931e-01
1.366674676883823381e-01
1.680717799230183329e-01
1.872415575028959778e-01
1.844313273720225854e-01
1.833774912178474936e-01
1.790617813871898667e-01
1.786603204510685272e-01
1.810690896458206078e-01
1.847826068779487851e-01
1.874924705754261733e-01
1.868902791812806774e-01
1.812196386937226789e-01
1.807679951430952725e-01
1.822734748428794793e-01
1.821731096088491375e-01
1.802661677785961647e-01
1.799148882676517569e-01
1.799148882676517014e-01
1.768035624397056027e-01
1.767031972056752609e-01
1.779577626235270549e-01
1.773053886048390204e-01
1.775563028867713500e-01
1.795636099510546646e-01
1.824240227014523874e-01
1.819221965313007061e-01
1.828756674464272203e-01
1.827251183985251493e-01
1.838291359678405623e-01
1.826749345846534478e-01
1.826749345846534478e-01
1.838291371621879888e-01
1.827903547234740189e-01
1.831416330450892638e-01
1.804317681482462132e-01
1.797292115100338483e-01
1.835280414651152547e-01
1.843460182371298994e-01
1.822383447394505529e-01
1.805823159917643306e-01
1.837940082581247248e-01
1.858013153224080394e-01
1.859368094605016453e-01
1.844815111808760788e-01
1.852994867635615606e-01
1.863031414875414571e-01
1.859869896812945678e-01
1.892488633728318936e-01
1.850335199655337715e-01
1.867899139522686269e-01
1.852342504335944273e-01
1.899514224047573474e-01
1.903027007263726478e-01
1.894495962396239019e-01
1.876932022528890742e-01
1.923100065963085636e-01
1.856357125690814847e-01
1.845818764149063373e-01
1.790617825815372932e-01
1.796137913661950414e-01
1.798647056481274265e-01
1.804167132384377481e-01
1.790617801978607038e-01
1.774559364583936094e-01
1.781584942859351095e-01
1.773053886048389927e-01
1.783592247539957931e-01
1.773053886048390204e-01
1.766530133918035317e-01
1.760508207932740821e-01
1.757999077107073871e-01
1.769541090938945571e-01
1.776064843069299626e-01
1.742442465857463041e-01
1.704805479334594864e-01
1.628276922860448783e-01
1.572574170325171938e-01
1.570065039449322353e-01
1.528413443464875510e-01
1.466688752950647545e-01
1.427797183049551999e-01
1.459412267524256845e-01
1.493285575723835301e-01
1.459412267524256845e-01
1.493285575723835024e-01
1.508340372771860005e-01
1.528915281553410166e-01
1.526406150677560303e-01
1.520133305698181392e-01
1.534937195595230397e-01
1.555512080489832305e-01
1.559526689851045422e-01
1.556766639930928509e-01
1.562788553922566104e-01
1.572323263073830968e-01
1.564544951502379877e-01
1.572574182168280932e-01
1.577090617674554440e-01
1.580603400840525086e-01
1.580854295997844161e-01
1.591141750338436467e-01
1.587127141027405430e-01
1.604189230762379792e-01
1.602934671321283588e-01
1.608705678262310756e-01
1.611716635283221011e-01
1.605443802197133729e-01
1.610211156697491652e-01
1.624262301405212938e-01
1.626520513236795751e-01
1.612720287623524429e-01
1.616233070839677433e-01
1.648851795711211154e-01
1.646844491080786954e-01
1.676703177975678027e-01
1.708820100589099888e-01
1.705809143568189912e-01
1.678208680398173003e-01
1.650608205284681829e-01
1.694267129736318489e-01
1.662150219116553251e-01
1.642077148473720383e-01
1.615480337543641620e-01
1.622756810976375419e-01
1.638815272308177529e-01
1.638815272308177529e-01
1.645088105344082452e-01
1.645088105344082452e-01
1.632542439222089969e-01
1.629280563106729751e-01
1.629029644062462978e-01
1.622756810976375141e-01
1.626269594142345787e-01
1.626018687041553001e-01
1.588883538607219481e-01
1.581857972225095832e-01
1.565297696741889955e-01
1.565046777647439991e-01
1.556766639880745873e-01
1.535438997903525171e-01
1.530922562347068194e-01
1.533431705116209687e-01
1.524147927002869052e-01
1.529668026742737885e-01
1.471957921803140057e-01
1.454393993929448403e-01
1.380625463438288347e-01
1.396182086581190529e-01
1.374603537452993851e-01
1.344493931463653369e-01
1.309867901961695169e-01
1.320406263453263451e-01
1.338472029415489761e-01
1.318398970716131158e-01
1.309466457756474633e-01
1.307459153075868075e-01
1.313481079010979657e-01
1.328535864065347183e-01
1.289393381091721580e-01
1.235948846309581767e-01
1.158165718450865217e-01
1.088913641431373119e-01
1.011481787709037627e-01
9.283291060972116704e-02
7.875165552033709659e-02
6.991950658530861340e-02
6.087659077975663552e-02
5.149243215678248053e-02
