2.033000140292062774e-01
2.033000140292062774e-01
2.033000140171624393e-01
2.033000140292062774e-01
2.045043968375702959e-01
1.966758999899245464e-01
1.969167765515973390e-01
2.033000140292062774e-01
2.189570019675424750e-01
2.105263165881704202e-01
1.798145235103567052e-01
1.798145235103567052e-01
1.834276776562726030e-01
1.834276776562726030e-01
1.906539802272805839e-01
1.942671315067626692e-01
1.942671315067626692e-01
1.942671315067626692e-01
1.942671315067626692e-01
1.966758971234907338e-01
1.960737085797206181e-01
1.823437302683330596e-01
1.823437302683330874e-01
1.833072393814580980e-01
1.855955667113278751e-01
1.947488846301082821e-01
1.870408289477985264e-01
1.825846096964396925e-01
1.818619771329436363e-01
1.813802240095979956e-01
1.825846068179620418e-01
1.810189063066768855e-01
1.786101378355588465e-01
1.776466316009114588e-01
1.787305761224171896e-01
1.795736440822501001e-01
1.782488229990715767e-01
1.782488229990715767e-01
1.812597828803935440e-01
1.807780297570479588e-01
1.755991779542368791e-01
1.747561099944039686e-01
1.742743568710583557e-01
1.725882209513925625e-01
1.711429587149219111e-01
1.641575327176305610e-01
1.583162718004252345e-01
1.589184631985852969e-01
1.583162717883813408e-01
1.584367129296296306e-01
1.587980277781607941e-01
1.585571512164879737e-01
1.572323301333094503e-01
1.544020262430361168e-01
1.527158874569365388e-01
1.464530911326197560e-01
1.394676622568507551e-01
1.354931961288375619e-01
1.310369740110449155e-01
1.297121529158225539e-01
1.323617950942234112e-01
1.354931932503598835e-01
1.372997674568840198e-01
1.371793291700256767e-01
1.357340669335550254e-01
1.347705606868638273e-01
1.347705606868638273e-01
1.322413567953212854e-01
1.313982888475322131e-01
1.318800448373116385e-01
1.356136315372182266e-01
1.344092487288541804e-01
1.376610823054151278e-01
1.375406440185568402e-01
1.365771377718655866e-01
1.365771377718655866e-01
1.365771377718655866e-01
1.365771377718655866e-01
1.365771377718655866e-01
1.392267828167002841e-01
1.375406440185568402e-01
1.379019588550441378e-01
1.358545052204133685e-01
1.295917117625304260e-01
1.279055758428646050e-01
1.312778476821962192e-01
1.277851375560063174e-01
1.280501000503729281e-01
1.268457172540527478e-01
1.272070321025839112e-01
1.277851375560063174e-01
1.329639864923835568e-01
1.316632513418988515e-01
1.294953594324536328e-01
1.300975537090913736e-01
1.300734677643536896e-01
1.304347826008409594e-01
1.300734677643536619e-01
1.292303998045207791e-01
1.283873318326440582e-01
1.328676370166967102e-01
1.402143778745630343e-01
1.448873877428569767e-01
1.646392858289323080e-01
1.967963382647390236e-01
1.837889896383698984e-01
1.819824125654119495e-01
1.819824125654119773e-01
1.784896995487005034e-01
1.788510143851878287e-01
1.788510143851878287e-01
1.795736469366400745e-01
1.818619771329436086e-01
1.799349617851711824e-01
1.810189091851545362e-01
1.816211005953584923e-01
1.792123321001527769e-01
1.795736469486838849e-01
1.755991779662807173e-01
1.764422459261136278e-01
1.764422459261136278e-01
1.765626842009280772e-01
1.764422459261136000e-01
1.765626842009280772e-01
1.784896995607443693e-01
1.770444402027513409e-01
1.795736469607276953e-01
1.853546930281326777e-01
1.859568844262928233e-01
1.836685542299892615e-01
1.836685542299892338e-01
1.824641685551913750e-01
1.836685542299892615e-01
1.845116221898221720e-01
1.861134516061699884e-01
1.840659979715392469e-01
1.815367883471290800e-01
1.817415360037391847e-01
1.828254862581125129e-01
1.843911839029638289e-01
1.817776648967580344e-01
1.799710906902338980e-01
1.851499453715225729e-01
1.878838997861090598e-01
1.882452117561625449e-01
1.875225820711441393e-01
1.887269677459419703e-01
1.876430174795247763e-01
1.864386346711607856e-01
1.831867953617321576e-01
1.851138107215484219e-01
1.851138107215484219e-01
1.851138107215484219e-01
1.877634557663831472e-01
1.899313476878721763e-01
1.866795112448774163e-01
1.875225792047103268e-01
1.882452117561625449e-01
1.910152950758116919e-01
1.874021409178519559e-01
1.800553972055956853e-01
1.802962737672684779e-01
1.798145206439228649e-01
1.798145206439228649e-01
1.763218076512991228e-01
1.782488201326377641e-01
1.771648755990881952e-01
1.748765454027846611e-01
1.786101349691250062e-01
1.748765454027846056e-01
1.787305761103733515e-01
1.789714526720461441e-01
1.755991779542368791e-01
1.788510143972316668e-01
1.774057550271948558e-01
1.734312889112254452e-01
1.718655883999403167e-01
1.674093691606253209e-01
1.567505712891400782e-01
1.541009291107391932e-01
1.541009291107391932e-01
1.430205958200986560e-01
1.345296870036686854e-01
1.438034460877850862e-01
1.464530911326197560e-01
1.397085388064797373e-01
1.464530911326197560e-01
1.464530911326197560e-01
1.570516712758269762e-01
1.557268501926484527e-01
1.477779150822320919e-01
1.572925478374997965e-01
1.578345215194257301e-01
1.578345215194257301e-01
1.562688210081405737e-01
1.572323272548317996e-01
1.560279415920777790e-01
1.577140803781774403e-01
1.583162717883813408e-01
1.583162717883813408e-01
1.594604340140774179e-01
1.607250373930655951e-01
1.598819694332326846e-01
1.588582426159173000e-01
1.595808694345019485e-01
1.609659139667822259e-01
1.621702967751462998e-01
1.611465728242647000e-01
1.600626254242813462e-01
1.616885436397568210e-01
1.649403800947954468e-01
1.644586269714498616e-01
1.634951207368024462e-01
1.620498585003317671e-01
1.620498585003317671e-01
1.632542441751296258e-01
1.584969277794300579e-01
1.676502485766880879e-01
1.676502485766880879e-01
1.711429587149218834e-01
1.705407673167618210e-01
1.631940264588954692e-01
1.599421871494668967e-01
1.606648197009191148e-01
1.598217517290423939e-01
1.623509556085410976e-01
1.648199446743709440e-01
1.637359972864314561e-01
1.665060806060806031e-01
1.655425743593893773e-01
1.648199417958933211e-01
1.648199417958933211e-01
1.635553412953827390e-01
1.648199417958933211e-01
1.658436686132086779e-01
1.608454756799239382e-01
1.575334215206949384e-01
1.571118889800173224e-01
1.571118889800173224e-01
1.571118889800173224e-01
1.533180788550966012e-01
1.491629538696009338e-01
1.516319429233869698e-01
1.487414213289233178e-01
1.488618596037378228e-01
1.476574767953737766e-01
1.476574767953737766e-01
1.453691465870263766e-01
1.292303969260431284e-01
1.358545109532809936e-01
1.328435482055251859e-01
1.334457396157291420e-01
1.338070544642602777e-01
1.297121529278663643e-01
1.271829461578461717e-01
1.358545109653248595e-01
1.358545109653248595e-01
1.358545109653248595e-01
1.359990351848770207e-01
1.298566771353747151e-01
1.192580984133405630e-01
1.064314100656269801e-01
8.932915702438631866e-02
7.256413432015600129e-02
5.422136598846829386e-02
4.365891831530023526e-02
2.955558218301272341e-02
2.630374574001793572e-02
2.230519081287707372e-02
1.776466361293951163e-02
