2.045043968315483907e-01
2.039022054333882727e-01
2.039022054273663398e-01
2.026978211918073480e-01
1.990846684730864236e-01
2.096230251912795661e-01
1.998072967248879228e-01
2.014934369502264233e-01
2.087197380880175257e-01
2.033602303001797174e-01
1.999879541431315855e-01
1.984824742024706157e-01
1.984824742024706157e-01
1.894495945524827252e-01
1.869806083711524347e-01
1.939660343744657178e-01
1.939660343744657178e-01
1.939660343744657178e-01
1.948693229169666252e-01
1.897506902515627980e-01
1.872817040702325075e-01
1.875827997753344856e-01
1.866795126720724174e-01
1.825243876865766945e-01
1.801156192094367503e-01
1.870408275085597150e-01
1.819221962884166321e-01
1.768035636290347379e-01
1.827050451108422346e-01
1.836685513515115831e-01
1.848729355870705748e-01
1.836685513454896501e-01
1.822835096916869957e-01
1.789112349738777308e-01
1.784897009939612755e-01
1.789112349738777308e-01
1.796940837902814836e-01
1.802962751944635067e-01
1.792725483831700273e-01
1.790316718214972069e-01
1.760207119401752396e-01
1.740334788821905343e-01
1.719258075373475692e-01
1.709020821532490908e-01
1.697579170550973238e-01
1.690955065135080482e-01
1.665361908974146155e-01
1.665964100348218402e-01
1.654522463698869517e-01
1.615379993853029161e-01
1.610562462619573032e-01
1.576839715381260776e-01
1.573226566956168748e-01
1.563591490157087427e-01
1.555763001932830847e-01
1.521438063260227291e-01
1.480790093420732978e-01
1.454293643032605332e-01
1.427195001270405439e-01
1.412140201863795463e-01
1.394074431134215697e-01
1.374804277536053054e-01
1.363964817928607909e-01
1.341081515905352961e-01
1.345296855704517791e-01
1.379019617274998555e-01
1.334457396157291420e-01
1.330242056297907816e-01
1.384439354335134653e-01
1.333253027741315433e-01
1.320606993891214886e-01
1.349512195563901396e-01
1.377815220134465668e-01
1.394074402349439468e-01
1.394074402349439468e-01
1.388654665349522421e-01
1.388654665349522421e-01
1.385643708358721971e-01
1.386245899793013547e-01
1.377815220134465390e-01
1.371793291760476097e-01
1.357942875162230223e-01
1.348307798363149179e-01
1.335059587471144893e-01
1.324220142256087862e-01
1.326026716438524211e-01
1.319402611022631733e-01
1.327351528910357403e-01
1.318920849312028021e-01
1.309887978279407617e-01
1.304347826008410149e-01
1.312778505606739254e-01
1.314103318138791221e-01
1.318318657998175381e-01
1.296037561741381072e-01
1.299650724498642163e-01
1.294110557835256026e-01
1.286884261045291022e-01
1.289293026662018948e-01
1.301457298741297564e-01
1.305672652932850508e-01
1.349632654012146993e-01
1.384559769666434681e-01
1.700590141813723422e-01
1.877634571935780927e-01
1.840298662000427188e-01
1.833072350757854463e-01
1.786703569789879764e-01
1.776466301556506866e-01
1.806575914701896157e-01
1.821630714108505855e-01
1.842105250394594218e-01
1.858966624104078924e-01
1.816813197267438118e-01
1.818017580075801942e-01
1.821630728500894247e-01
1.808984694650793146e-01
1.794532086678474747e-01
1.799951809346222731e-01
1.787305775556340681e-01
1.769842196200833995e-01
1.754185205420151772e-01
1.768035607626009253e-01
1.769240004826761470e-01
1.777068507383186835e-01
1.796940852355422003e-01
1.806575929154503324e-01
1.818017580136021272e-01
1.838492116482329242e-01
1.840298676332596528e-01
1.833072365150242855e-01
1.833072365150242855e-01
1.826448259734350654e-01
1.831867982341879031e-01
1.839877129423618529e-01
1.825424521451299853e-01
1.809165324904156991e-01
1.803745602236409007e-01
1.840298676332596250e-01
1.835059598190162122e-01
1.816391635966071727e-01
1.803143396469948645e-01
1.838070555241181625e-01
1.862760431446872922e-01
1.863181978295631869e-01
1.854149092930842402e-01
1.856738503072883906e-01
1.857160049921642853e-01
1.857762226903326985e-01
1.882452103169237334e-01
1.851740312921725806e-01
1.863181963963462806e-01
1.846922767356100614e-01
1.909550745051875609e-01
1.915572673425864902e-01
1.882452117621844501e-01
1.893291577169070872e-01
1.916174850527987694e-01
1.879441146178436883e-01
1.845116207505833050e-01
1.797543029337106135e-01
1.802962751944635067e-01
1.813200020178007965e-01
1.809586857420746875e-01
1.787305746892002556e-01
1.787907952598244143e-01
1.777670684425090575e-01
1.777670684425090575e-01
1.777670684425090575e-01
1.777670684425090575e-01
1.769239990434373355e-01
1.770444373242737179e-01
1.757798353785024470e-01
1.790316718214972624e-01
1.786703569789880319e-01
1.737926023144958643e-01
1.712633969957582936e-01
1.636456693029509357e-01
1.564193667319429271e-01
1.564795858693502073e-01
1.523244623170713907e-01
1.484102138932485437e-01
1.403107302106617327e-01
1.475370356420816209e-01
1.467541868196559629e-01
1.434421298060370442e-01
1.494038318584686997e-01
1.521438063260227291e-01
1.513910663556922442e-01
1.515115046365286267e-01
1.503071204009696071e-01
1.525653403059391844e-01
1.563591490157087427e-01
1.563591490157087427e-01
1.564494770052111683e-01
1.562688195809455727e-01
1.574129846790973675e-01
1.563591490157087427e-01
1.572022169815635861e-01
1.580452849413964689e-01
1.583463806404765140e-01
1.595808737341526395e-01
1.588883529012294071e-01
1.586173660542445074e-01
1.607551462511826457e-01
1.600626268574982247e-01
1.610863522415967308e-01
1.614175582320107605e-01
1.602432842817638203e-01
1.615681053589204108e-01
1.628929278813377457e-01
1.628628190292426003e-01
1.617487642224248179e-01
1.622004070604583514e-01
1.654221346513579660e-01
1.625316130508723811e-01
1.674695868527718290e-01
1.695170419266414097e-01
1.701794539014475638e-01
1.683728768284896149e-01
1.660845466321860531e-01
1.669276160252358976e-01
1.675900265728470506e-01
1.641575327055866951e-01
1.609056962625919351e-01
1.627724896005013633e-01
1.634650104334246234e-01
1.628628190352645055e-01
1.653016963584777455e-01
1.648801623785612902e-01
1.634349015813294503e-01
1.628628190292425726e-01
1.627122704630941386e-01
1.625015027535164636e-01
1.629832558708401991e-01
1.623509556205849358e-01
1.589184631925633917e-01
1.589184631925633917e-01
1.559978341731995122e-01
1.556967370348806556e-01
1.555160796166370207e-01
1.524448991646908946e-01
1.528062154343950707e-01
1.528363271589459893e-01
1.523545740356003764e-01
1.522943548921711909e-01
1.454293628700436547e-01
1.459111174266061739e-01
1.366373597817285845e-01
1.372395511798886747e-01
1.356136315311962937e-01
1.331446439106271917e-01
1.320004802517142084e-01
1.320004802517142084e-01
1.321811391031747773e-01
1.313380711373199616e-01
1.309887992671796009e-01
1.314103346863348676e-01
1.322534026461677781e-01
1.335180045919390213e-01
1.278574003884127286e-01
1.219860284753088164e-01
1.131338062556084545e-01
1.053053101366149963e-01
9.203902156192152184e-02
8.145850836432039221e-02
6.799349612431986045e-02
5.781645138220212893e-02
4.743466256651654445e-02
3.599301480070390274e-02
