2.043036663634877070e-01
2.041029358974343344e-01
2.039022044759029872e-01
2.014934379077116255e-01
2.004897836584596804e-01
2.071138938678004360e-01
2.063912632273040559e-01
2.073146243338538086e-01
2.061102405740264376e-01
2.025372344266566371e-01
1.983218888705368110e-01
1.979204279384300935e-01
1.966758980829832748e-01
1.907342705035489361e-01
1.884860873543282023e-01
1.909751480206997032e-01
1.960737066767939407e-01
1.943474227425235901e-01
1.953510760362975884e-01
1.878838959521534624e-01
1.843108898007690677e-01
1.941065452293875004e-01
1.870408270328280387e-01
1.870408270288133890e-01
1.786502858381195658e-01
1.822634371256308949e-01
1.806977385212870379e-01
1.780882405315642736e-01
1.805371541468384355e-01
1.839094288686623224e-01
1.851941048157139114e-01
1.841503054303351150e-01
1.827050441493424104e-01
1.823838754044599386e-01
1.797743764592593108e-01
1.794532067548842980e-01
1.799349608337078854e-01
1.800955452081564045e-01
1.812999289719983975e-01
1.785298456523491950e-01
1.771247314224538572e-01
1.762415164115235244e-01
1.750772787433010069e-01
1.731904104385967869e-01
1.722670493320470619e-01
1.700590122784456648e-01
1.688345559465402879e-01
1.675900260910934414e-01
1.668673964060750081e-01
1.659841823466080835e-01
1.653819909444333436e-01
1.633746843568853746e-01
1.629732234207640351e-01
1.617688396609366641e-01
1.585972954091807441e-01
1.561483817898920157e-01
1.514914301615239434e-01
1.494038313867517009e-01
1.479184240141541706e-01
1.469549177674628893e-01
1.455498025820896324e-01
1.438837373115021412e-01
1.427194986878016769e-01
1.408727764747022271e-01
1.411537991279798732e-01
1.409932147535313263e-01
1.404311684914981151e-01
1.390260533061248582e-01
1.395479544320311627e-01
1.373800625185713220e-01
1.354931932503599112e-01
1.354931932503599112e-01
1.366975760547093632e-01
1.394275132827536567e-01
1.394275132827536567e-01
1.402304361064596605e-01
1.397085359360312751e-01
1.383435678017553572e-01
1.381829824718289190e-01
1.381829824718289190e-01
1.378216676273124053e-01
1.372194762251376654e-01
1.361355297886614746e-01
1.354530461992625445e-01
1.346902704226392855e-01
1.332048640055196742e-01
1.322012107117457036e-01
1.322493854515963962e-01
1.315267557705925572e-01
1.314464635833682837e-01
1.309245643684178728e-01
1.307238339023645279e-01
1.308041260895887736e-01
1.307238339023645279e-01
1.305231034363111553e-01
1.307639799939693537e-01
1.308442721811936271e-01
1.291099605621845170e-01
1.293187196764837565e-01
1.294793040509323034e-01
1.307238348658716631e-01
1.334537711384380654e-01
1.365851683390965909e-01
1.691356530748225895e-01
1.849532273025778217e-01
1.838291357299747519e-01
1.820627057000848981e-01
1.801356912997612025e-01
1.801356912997612303e-01
1.808181758446381349e-01
1.833072365110096358e-01
1.870006809372085632e-01
1.859568815518297669e-01
1.845517673219344013e-01
1.815408084001049749e-01
1.805371551063309765e-01
1.821028537066602115e-01
1.815809535362318539e-01
1.810189072701840762e-01
1.800152539804246721e-01
1.783291161417737691e-01
1.771648775180733049e-01
1.794130606632795000e-01
1.787305770738805422e-01
1.789313084994264003e-01
1.805371541508530298e-01
1.827050451128495456e-01
1.815408074446270559e-01
1.815809535402465036e-01
1.825444607384010820e-01
1.828254824362006981e-01
1.817816830508219572e-01
1.828254824362008091e-01
1.837889905898332510e-01
1.834397187176856070e-01
1.823959183768288084e-01
1.808302188210215988e-01
1.807097805381779054e-01
1.831185499728030797e-01
1.838813257494263664e-01
1.827973793089355259e-01
1.801477342681154781e-01
1.833192804388564523e-01
1.854871723523162930e-01
1.854751284284841539e-01
1.843630798202206822e-01
1.843630779132794661e-01
1.855674626285846729e-01
1.860371727795614993e-01
1.956722438297167632e-01
1.853145430985576880e-01
1.870006809412232129e-01
1.870006799857452662e-01
1.906941253714366791e-01
1.911357333586553853e-01
1.896101798944530570e-01
1.896101798944530570e-01
1.910152931688704758e-01
1.879641881433923578e-01
1.826648980577375569e-01
1.805371531913605165e-01
1.791721850570846264e-01
1.796940842720350651e-01
1.810189053592282105e-01
1.790918909629190536e-01
1.784094083289980148e-01
1.776466306374042958e-01
1.771648775180733049e-01
1.784094073695054739e-01
1.770845853308490314e-01
1.771648775180733049e-01
1.762816625031284057e-01
1.755590318666466476e-01
1.757196162410952500e-01
1.772451697052975506e-01
1.748364012261503231e-01
1.708217899660248174e-01
1.636557060586996959e-01
1.610462080729915813e-01
1.552250197278643440e-01
1.541410752023439912e-01
1.469147707163655503e-01
1.442851982436088865e-01
1.469147707163655225e-01
1.461519939802497503e-01
1.461519939802497503e-01
1.470753550867994475e-01
1.483198849462608881e-01
1.517323067191821140e-01
1.531374219045553986e-01
1.528965453428826060e-01
1.532177150472575911e-01
1.531374219045554264e-01
1.539001986366565766e-01
1.562888926367845543e-01
1.560078690240143395e-01
1.568910840349446445e-01
1.560279425515703755e-01
1.566702810048424543e-01
1.593600711817893811e-01
1.601228469543980182e-01
1.578345167540798899e-01
1.588783161394587140e-01
1.588783170989512272e-01
1.595206545927307651e-01
1.596410919200965395e-01
1.607852570202556453e-01
1.611064257691527113e-01
1.609859874903236121e-01
1.598819694332326846e-01
1.614677406096545753e-01
1.615681053649423715e-01
1.619294211609221823e-01
1.618089828820930831e-01
1.657834499655842231e-01
1.630133666499496703e-01
1.678309026527662617e-01
1.707414987342784629e-01
1.715845666941114012e-01
1.683728773022140079e-01
1.649203094376878731e-01
1.680918536934584151e-01
1.647597241117760292e-01
1.629130018986765793e-01
1.618290564096490913e-01
1.622104447736923971e-01
1.634750471972025998e-01
1.631137323567007080e-01
1.639568012720115375e-01
1.638765090847872918e-01
1.628527822714865292e-01
1.619093476373807960e-01
1.623108095289801101e-01
1.620900055353707014e-01
1.623509556205849080e-01
1.617889103100150217e-01
1.590589749969411604e-01
1.580553217031671620e-01
1.581356138903914355e-01
1.575334215287241824e-01
1.562085994900677122e-01
1.533782975107502722e-01
1.540206359600077290e-01
1.536191750238864173e-01
1.533180807580232785e-01
1.533582268496281042e-01
1.479786417183444613e-01
1.448472435581934226e-01
1.385443001827792453e-01
1.400297065998988566e-01
1.379421068656340454e-01
1.361756768397588968e-01
1.321209185285359966e-01
1.343289555861519602e-01
1.332048649690268372e-01
1.331245727818025637e-01
1.309647114235298893e-01
1.306836887662376490e-01
1.317274881516164453e-01
1.316873411045336728e-01
1.285960895137264193e-01
1.245614032888133910e-01
1.188606522750665223e-01
1.136416548624042122e-01
1.070857917241154617e-01
9.979123969737524469e-02
9.117587971121013379e-02
8.419045275041162069e-02
7.763860369536902672e-02
6.728090224559418742e-02
