2.043654295853558900e-01
2.034389812758619631e-01
2.036705922496027943e-01
2.013544703664451041e-01
1.997331836140913142e-01
2.080712239397029262e-01
2.072374193545147847e-01
2.092292865303613525e-01
2.064499382898236923e-01
2.030220762247654243e-01
1.988530533080893892e-01
1.981118946567884676e-01
1.988067308900669516e-01
1.891716596172550446e-01
1.872724394777702250e-01
1.894495952139674533e-01
1.951009354332453871e-01
1.951009354332453871e-01
1.955641595903084562e-01
1.894959176319898908e-01
1.851416061503309285e-01
1.872261159619054982e-01
1.897275297128375726e-01
1.837519325812993209e-01
1.802314256894607392e-01
1.826401935065056492e-01
1.824549038436804327e-01
1.768498871448994370e-01
1.822232917674649344e-01
1.838908998307343945e-01
1.840298670755371735e-01
1.848173492427028497e-01
1.819916785841427798e-01
1.827328383379182575e-01
1.801851021735959568e-01
1.790733630941700461e-01
1.797218769140583872e-01
1.790733619916955177e-01
1.792123303436050918e-01
1.783322033450267796e-01
1.764793045164576024e-01
1.754602102730764557e-01
1.748116964531881701e-01
1.721713165599278450e-01
1.700868056551432528e-01
1.684191975918737649e-01
1.679791351927430731e-01
1.677475231118953913e-01
1.651997880454154355e-01
1.643659845627018501e-01
1.639490828236612185e-01
1.633005690084051165e-01
1.603822546209069388e-01
1.593631603728935808e-01
1.558889758944451420e-01
1.532022735831623794e-01
1.504229253379924525e-01
1.484310603624627578e-01
1.466244839472837236e-01
1.448873917080595042e-01
1.435903618679660043e-01
1.416448182079841911e-01
1.403014659498682815e-01
1.386801791975144915e-01
1.390044361051425426e-01
1.388191464423172983e-01
1.381706315245866679e-01
1.364103775227978599e-01
1.388654699628142919e-01
1.351133498876534444e-01
1.347890918729186260e-01
1.347427694548961885e-01
1.378463735052196382e-01
1.385412097384981223e-01
1.391897246608609917e-01
1.397455936493366968e-01
1.397455936493366968e-01
1.389117901666231114e-01
1.384948873251079238e-01
1.384948873251079238e-01
1.366419884919064798e-01
1.372441810008791507e-01
1.350670252600496835e-01
1.340479321145108815e-01
1.338163200382954665e-01
1.333994182946225682e-01
1.319170998941784079e-01
1.322969430400957325e-01
1.316021068114494319e-01
1.313704947306017778e-01
1.308146257467583395e-01
1.309072705781709478e-01
1.311388826543863351e-01
1.310462378276060214e-01
1.309535929961933853e-01
1.318337199947716420e-01
1.290080504386861004e-01
1.291840762812444532e-01
1.296102418451842153e-01
1.296102418451842153e-01
1.306293371956721294e-01
1.337329412506277626e-01
1.374850591115750198e-01
1.697625498407252242e-01
1.855585078986360659e-01
1.846783809000577814e-01
1.828718044802464804e-01
1.795829096646232859e-01
1.792123303389728251e-01
1.810652291675420578e-01
1.850952837369407300e-01
1.866239245507750888e-01
1.868092153207071282e-01
1.831960635974558826e-01
1.804630388727829216e-01
1.828718066898278316e-01
1.829181291032180023e-01
1.802777481074831489e-01
1.799998125107707958e-01
1.787954286045644325e-01
1.768498849445826193e-01
1.755528562069636755e-01
1.790270395783053192e-01
1.779616240193763743e-01
1.781932372026985012e-01
1.793512986955146382e-01
1.829644515258726789e-01
1.817137452016439336e-01
1.825012273688096376e-01
1.829181291078502969e-01
1.831960624949813266e-01
1.821769682516002908e-01
1.827328372354437569e-01
1.839372233512313881e-01
1.828393789020473503e-01
1.826540892438542896e-01
1.808938352466977484e-01
1.800600306615096069e-01
1.835666429277386102e-01
1.843216984095982780e-01
1.822835088110970336e-01
1.795968053973397427e-01
1.834415714110199658e-01
1.857113730811043584e-01
1.856511538278910189e-01
1.844004464011877176e-01
1.849238887089896533e-01
1.861282737176704893e-01
1.860217320464346846e-01
1.883378550366992255e-01
1.850489613235505870e-01
1.875503739766403444e-01
1.866702469734297654e-01
1.912561716384109656e-01
1.915804285506712279e-01
1.896348859931639708e-01
1.889400486527786638e-01
1.916730722796093356e-01
1.870408274061870491e-01
1.843078015697750260e-01
1.797218780165329155e-01
1.793976200017980971e-01
1.799998125107707958e-01
1.806946476415747516e-01
1.788880712310279286e-01
1.774057539330582967e-01
1.781469136822015353e-01
1.773594315150358869e-01
1.782395585136141714e-01
1.772667866836233064e-01
1.766182717658926760e-01
1.767572390106954827e-01
1.747190505193010057e-01
1.760624016749424425e-01
1.781932361002239729e-01
1.737462797917846691e-01
1.710595785876086738e-01
1.630689547272406170e-01
1.598727058501368259e-01
1.576492276912849211e-01
1.532022735831623794e-01
1.455127437653832567e-01
1.421080423604150489e-01
1.471803529311271896e-01
1.479678350982928658e-01
1.460454520937688738e-01
1.490332517596963668e-01
1.514420195813735437e-01
1.528780166709020893e-01
1.531096298495920327e-01
1.527853718394894811e-01
1.529243390889245269e-01
1.531559511651399696e-01
1.560279431392479488e-01
1.561437486261184060e-01
1.554952337037555088e-01
1.565143279471366278e-01
1.566764569545040509e-01
1.572786494634767218e-01
1.568154242039390689e-01
1.576955500954105860e-01
1.579503228317160890e-01
1.587146432363171489e-01
1.587146443434239163e-01
1.600579943919585024e-01
1.604980578935637781e-01
1.608223148058240959e-01
1.614476679656223213e-01
1.607296699744114599e-01
1.605212196468639163e-01
1.617719248732503445e-01
1.624204386931387134e-01
1.615403127970349573e-01
1.616792800464699753e-01
1.666357829299948967e-01
1.641806926995597882e-01
1.674927481706408039e-01
1.711059021034734007e-01
1.713838365930790142e-01
1.671684934679618650e-01
1.654545618888277059e-01
1.689287463626439056e-01
1.661493981221062177e-01
1.629531481378956592e-01
1.615634745595996014e-01
1.620035369540980819e-01
1.638101133692770606e-01
1.638101133692770606e-01
1.643428216930304664e-01
1.640648872034248806e-01
1.633237274542816142e-01
1.627215349453088877e-01
1.628141797767215515e-01
1.620498593674882248e-01
1.623277938617260774e-01
1.623509556196584824e-01
1.585525164385310493e-01
1.572554877009121055e-01
1.572554877009121055e-01
1.567459400233520150e-01
1.562363934528987752e-01
1.531096265468006867e-01
1.532949173074681926e-01
1.535265304861581914e-01
1.530401456782695124e-01
1.532254364389370460e-01
1.483152515681686878e-01
1.443778429326571799e-01
1.372905056238506727e-01
1.409963021785145265e-01
1.374294717661789511e-01
1.346501235210090519e-01
1.327045809681339783e-01
1.348817367089634733e-01
1.331214849121237498e-01
1.334920642377742106e-01
1.309535941033001805e-01
1.305830147776496919e-01
1.315557866030083456e-01
1.323432676676994657e-01
1.285911481437759241e-01
1.244452875362695027e-01
1.172189840897670254e-01
1.104559053469326563e-01
1.033083496187170713e-01
9.526213814428269311e-02
8.569191748589648217e-02
7.457452781727264002e-02
6.655147782746809182e-02
5.724066374485124731e-02
