2.040694808197587862e-01
2.040694808197587862e-01
2.034003776670933183e-01
2.010585206206132736e-01
1.998875905032372335e-01
2.057422339206872453e-01
2.058091440767074731e-01
2.051400425165052221e-01
2.048054917364041105e-01
2.004897811078421299e-01
1.989173900576902687e-01
1.977464615294319827e-01
1.978802826377040747e-01
1.922598239684204513e-01
1.905536134024597983e-01
1.912561716314625793e-01
1.961406161958288985e-01
1.938991243817064225e-01
1.942336751618075619e-01
1.885463071327353191e-01
1.857695324746423404e-01
1.925609196721842220e-01
1.926947399842246500e-01
1.856022570829190255e-01
1.819891054829369803e-01
1.824240214987411790e-01
1.810189074294303591e-01
1.791788765514292503e-01
1.806174464933090473e-01
1.849331547298306566e-01
1.844647836410345798e-01
1.843978734850143797e-01
1.826247519634563721e-01
1.818552843780104344e-01
1.817214640659699787e-01
1.797810679522657828e-01
1.793796062199127794e-01
1.791788757551976419e-01
1.818552843813559250e-01
1.812530921809423212e-01
1.799148874714201207e-01
1.791788749623114962e-01
1.773722991606477561e-01
1.759671850913369640e-01
1.730231350482116237e-01
1.720194819150221988e-01
1.706980051417844590e-01
1.703969094380206883e-01
1.683226930122760368e-01
1.668506687869449889e-01
1.655124648736544524e-01
1.649437285491552607e-01
1.644084473009934932e-01
1.634382492441413814e-01
1.611298464777670414e-01
1.590556300520223898e-01
1.565799518972702531e-01
1.529333452176053487e-01
1.514947752723800889e-01
1.486176361781611222e-01
1.474132517806793774e-01
1.462757775358722867e-01
1.453390345553575713e-01
1.440008298424898525e-01
1.423448014929193928e-01
1.441011950748474491e-01
1.417426092958512518e-01
1.405716799747068757e-01
1.424117116489395929e-01
1.402371291979512546e-01
1.376945392913701827e-01
1.369250717025787822e-01
1.369585267789160954e-01
1.382298205361864873e-01
1.390327432013152842e-01
1.394007490577537089e-01
1.392334736693759401e-01
1.391331084370183435e-01
1.375607181830981463e-01
1.379287240395365710e-01
1.377949037274961708e-01
1.374268978710576627e-01
1.368247056706440867e-01
1.359883279258323752e-01
1.350181298689802911e-01
1.345497587768387238e-01
1.343155732324406992e-01
1.338873477568413850e-01
1.324822336875305373e-01
1.319804075190516290e-01
1.318465872070112288e-01
1.315454915065929209e-01
1.309098442298419762e-01
1.307760239211470110e-01
1.308094789974843797e-01
1.314785805509955940e-01
1.313782153186379975e-01
1.303411079086883306e-01
1.291032692311008256e-01
1.291032692311008256e-01
1.307091145647039099e-01
1.335527977863539273e-01
1.350917321643596847e-01
1.725547647489561742e-01
1.839295008037550583e-01
1.820560148460711181e-01
1.814203675693201179e-01
1.815207328016776867e-01
1.826582070431392035e-01
1.820894699224084590e-01
1.844313277651201122e-01
1.883121207921056584e-01
1.882786665086544076e-01
1.848997012493020509e-01
1.820225621584286024e-01
1.798479789078631097e-01
1.801490754045130260e-01
1.821898359543431267e-01
1.818887402539249298e-01
1.807847210888007539e-01
1.788443249784420208e-01
1.778072159693381005e-01
1.805839898245084618e-01
1.800487085796921294e-01
1.798814331913143882e-01
1.817549199418844463e-01
1.823571121422981056e-01
1.819891054896280169e-01
1.815207336012548411e-01
1.825243867344442661e-01
1.823236562697291285e-01
1.818218293016730658e-01
1.834276754315077862e-01
1.834276754315077862e-01
1.835380772670588412e-01
1.821664158887360829e-01
1.811962178352294617e-01
1.808616670551283223e-01
1.824006030289428149e-01
1.834711663181525232e-01
1.823336920733454880e-01
1.806943908638279084e-01
1.829024299903078410e-01
1.849766464127070298e-01
1.851338859974684670e-01
1.840064475596232818e-01
1.840064459671600650e-01
1.852442862405563051e-01
1.874088320916966754e-01
1.948693216423269259e-01
1.852677055132773143e-01
1.862713594460438937e-01
1.883455758717885731e-01
1.897506907373309737e-01
1.902190626290496678e-01
1.903863380207729827e-01
1.898845110560624661e-01
1.904532473805616299e-01
1.891819536199457197e-01
1.827920273551796593e-01
1.813534574099543717e-01
1.800152534966637796e-01
1.799483433406435517e-01
1.801825280921554862e-01
1.797810671593796650e-01
1.791788757585431602e-01
1.781417667494391843e-01
1.781417667494392121e-01
1.781417667494391843e-01
1.770377483805466445e-01
1.763686460241128129e-01
1.767701069602341246e-01
1.750973514739563308e-01
1.761010046071457835e-01
1.761010046038002652e-01
1.759002741390851277e-01
1.719191166826646300e-01
1.654120996412968558e-01
1.606614745960849022e-01
1.558439393848161936e-01
1.502234807155325980e-01
1.466103283126279355e-01
1.462088673765065960e-01
1.462088673765065960e-01
1.462088673765065683e-01
1.462088673765065683e-01
1.472459755893789080e-01
1.484169041142916756e-01
1.488183658466446235e-01
1.511936795686163182e-01
1.507922178362633425e-01
1.534686272586532896e-01
1.537028135992829225e-01
1.541042745354042898e-01
1.541544567517944553e-01
1.539202704078193318e-01
1.559610317572266147e-01
1.566635891899978428e-01
1.567304993460180984e-01
1.588047157717627500e-01
1.596745485929117470e-01
1.580519753196786559e-01
1.586207124404094282e-01
1.580519753196786281e-01
1.585872573640720873e-01
1.591225386088883642e-01
1.594403622489365957e-01
1.605443806178291632e-01
1.600760095290331142e-01
1.600760095256875681e-01
1.614142126460920701e-01
1.614476677224294110e-01
1.610629339263609516e-01
1.613305753466734715e-01
1.649102718736636664e-01
1.630702401994309492e-01
1.682223277799184680e-01
1.711496506829909281e-01
1.722871241282207810e-01
1.679045057356789994e-01
1.651277310775859375e-01
1.663990248415473383e-01
1.638229814510921145e-01
1.639066187471652225e-01
1.620833150025259295e-01
1.616985820026890786e-01
1.630367859159796706e-01
1.628026003715816461e-01
1.630869689286015001e-01
1.629866036928984130e-01
1.621000429388104180e-01
1.625015030753546030e-01
1.621000429354649275e-01
1.621836802281925172e-01
1.622505903842127173e-01
1.617822192954166682e-01
1.587378056123970038e-01
1.585370743481047118e-01
1.587712606887343447e-01
1.579850651603128819e-01
1.569145018711032291e-01
1.541042737358271075e-01
1.545726448246232121e-01
1.540039085001240204e-01
1.537362686722748006e-01
1.533515356757834125e-01
1.482161728499994113e-01
1.472794298728301865e-01
1.401702190419310545e-01
1.401702182456994461e-01
1.370923470909565511e-01
1.356203220660484043e-01
1.342152080000831305e-01
1.336464716755839388e-01
1.332450107428081176e-01
1.332450107428081176e-01
1.310771204211423901e-01
1.308094797970614787e-01
1.309433001057564439e-01
1.312443958095201868e-01
1.283338012408480611e-01
1.252057482678307909e-01
1.202209368786436722e-01
1.155037665083077786e-01
1.106427394234686112e-01
1.049988620803104511e-01
9.808703604925374242e-02
9.196475121483672910e-02
8.596959575413944121e-02
7.954621461711219865e-02
