2.028985531011141541e-01
2.018949007507742921e-01
2.028985530810410998e-01
2.039022054313809618e-01
2.028985531011141541e-01
1.918583630356446024e-01
2.002890522288991726e-01
2.028985531011141541e-01
2.320044947866043705e-01
1.928620201433011438e-01
1.828254872055612157e-01
1.828254872055612157e-01
1.828254872055612157e-01
1.868400965667746660e-01
1.878437536744311798e-01
1.918583630356446301e-01
2.008912436230446685e-01
1.918583630356446301e-01
1.918583630356446301e-01
2.008912436230446685e-01
1.948693248239078690e-01
1.868400965667746660e-01
1.832269433642928769e-01
1.848327918861679409e-01
1.918583630356446301e-01
1.906539802272806117e-01
1.892488669608924090e-01
1.790116035450552978e-01
1.812196386836861517e-01
1.784094073534470137e-01
1.814203691417103081e-01
1.788108682895683810e-01
1.820225605760018850e-01
1.784094073735200958e-01
1.780079464373987841e-01
1.830262129062687482e-01
1.830262129062687482e-01
1.749969846491354897e-01
1.836284043004142441e-01
1.836284043004142441e-01
1.836284043004142441e-01
1.820225605760018850e-01
1.814203691617833625e-01
1.693765315635097635e-01
1.569312282316520646e-01
1.567304977736279359e-01
1.582359786577230143e-01
1.610462099678890147e-01
1.610462099678890147e-01
1.596410966814277577e-01
1.576337920208941146e-01
1.561283111367990362e-01
1.555261197225804859e-01
1.539202712207784762e-01
1.505078484963938978e-01
1.426793554746745296e-01
1.306355130789381980e-01
1.246135942597283303e-01
1.282267426848204273e-01
1.342486662613469051e-01
1.374603537503176487e-01
1.380625451444631446e-01
1.372596184948307596e-01
1.364566966225880806e-01
1.346501224000054842e-01
1.346501224000054842e-01
1.346501224000054842e-01
1.304347825807679051e-01
1.306355130789381980e-01
1.306355130789381980e-01
1.338472005679089416e-01
1.344493967394441158e-01
1.390661974948030621e-01
1.392669279528271908e-01
1.392669279528271908e-01
1.398691193469726868e-01
1.398691193469726868e-01
1.398691193469726868e-01
1.398691193469726868e-01
1.392669279528271908e-01
1.398691193469726868e-01
1.396683888889485303e-01
1.378618098889762555e-01
1.282267426647473452e-01
1.246135942597283303e-01
1.346501224000054842e-01
1.260187075261165190e-01
1.278654249698555068e-01
1.264603117034673319e-01
1.280661602253423959e-01
1.274238207925046662e-01
1.274238208125777760e-01
1.310771172362159287e-01
1.314384349511808769e-01
1.314384349511808769e-01
1.298325912066954912e-01
1.308362435369623267e-01
1.300333216647196199e-01
1.300333216647196199e-01
1.266209037177247199e-01
1.350515881335896118e-01
1.424786202191876405e-01
1.468946952939121087e-01
1.593399986257698075e-01
1.960737076322719152e-01
1.884459403112600240e-01
1.884459403112600240e-01
1.753984455852568569e-01
1.784094073534470137e-01
1.788108682895683810e-01
1.788108682895683810e-01
1.798145254172979490e-01
1.810189082055889409e-01
1.802159863534193163e-01
1.832269481617556373e-01
1.770042941071319209e-01
1.792123340231524808e-01
1.768035636290347101e-01
1.735918713827473425e-01
1.735918713827473425e-01
1.751977151071596461e-01
1.794130597037869312e-01
1.751977151071596461e-01
1.764020979155236646e-01
1.764020979155236646e-01
1.782086769154959394e-01
1.798145254373710034e-01
1.832269481617555817e-01
1.878437536945042619e-01
1.878437536945042619e-01
1.842306004920224449e-01
1.804167168315165271e-01
1.878437536945042619e-01
1.878437536945042619e-01
1.869003161859355000e-01
1.810791230674331509e-01
1.808181729902481882e-01
1.806174472895406835e-01
1.840298700139252341e-01
1.836284043004142441e-01
1.804167120340537667e-01
1.810791230674331509e-01
1.846922762699149401e-01
1.892488669608924090e-01
1.888474060247710418e-01
1.892488669608924090e-01
1.902525192911592444e-01
1.880444793751386845e-01
1.880444793751386845e-01
1.856357089810209138e-01
1.818218253205150237e-01
1.860371699171422810e-01
1.880444793751386845e-01
1.882452098532358953e-01
1.874422879809931886e-01
1.874422879809931886e-01
1.882452098532358953e-01
1.908547107053778225e-01
1.914569020995232629e-01
1.872415575028959778e-01
1.806174425121509497e-01
1.806174425121509497e-01
1.806174425121509497e-01
1.806174425121509497e-01
1.782086769154959394e-01
1.751977151071596461e-01
1.764020979155236646e-01
1.804167120340537667e-01
1.764020979155236646e-01
1.755991760432809856e-01
1.792123292256897482e-01
1.796137901618110877e-01
1.772050245651560774e-01
1.776064855012774168e-01
1.774057550231802338e-01
1.760006417567920589e-01
1.727889495105046358e-01
1.727889495105046358e-01
1.535188055072674584e-01
1.509093094325152651e-01
1.509093094325152651e-01
1.350515881335896118e-01
1.316391653891319513e-01
1.350515881335896118e-01
1.505078484963938978e-01
1.354530490697109513e-01
1.426793554746745296e-01
1.539202712207784762e-01
1.571319634469927895e-01
1.561283111367990362e-01
1.561283111367990362e-01
1.565297720729204034e-01
1.575334243831141567e-01
1.571319634469927895e-01
1.571319634469927895e-01
1.571319634469927895e-01
1.564293996577507395e-01
1.572323263073831245e-01
1.594403614460139507e-01
1.594403614460139507e-01
1.595407290637208542e-01
1.595407290637208542e-01
1.588381700518684825e-01
1.593399938283070749e-01
1.619494899030592683e-01
1.613472985089138001e-01
1.610462052105724184e-01
1.582359786577230143e-01
1.598418176047456396e-01
1.612469356485234928e-01
1.659641040416623969e-01
1.656630107433210430e-01
1.638564365408115286e-01
1.627524165727647076e-01
1.627524165727647076e-01
1.627524165727647076e-01
1.565297672955306973e-01
1.645589955526639281e-01
1.645589955526639281e-01
1.713838362441164609e-01
1.727889495105046913e-01
1.605443814140607717e-01
1.569312282316520368e-01
1.607451118921579825e-01
1.601429204779394599e-01
1.629531470107158098e-01
1.670681287870988962e-01
1.668673983090017410e-01
1.668673983090017410e-01
1.668673983090017410e-01
1.641575298190798282e-01
1.641575298190798282e-01
1.661648392770762317e-01
1.641575298190798282e-01
1.641575298190798282e-01
1.614476709040103819e-01
1.552250216267763716e-01
1.552250216267763716e-01
1.537195407426812932e-01
1.553253844670935968e-01
1.499056570821753753e-01
1.432815468688200256e-01
1.466939695932046039e-01
1.539202712207785040e-01
1.432815468688200256e-01
1.420771640604559793e-01
1.426793554746745296e-01
1.378618194437556121e-01
1.334457396117145478e-01
1.334457396117145478e-01
1.334457396117145478e-01
1.344493919620544375e-01
1.342486615040302811e-01
1.266209037177247199e-01
1.266209037177247199e-01
1.266209037177247199e-01
1.266209037177247199e-01
1.266209037177247199e-01
1.431209548545626375e-01
1.280661602253423959e-01
1.118069756216736182e-01
9.199486221207353598e-02
6.288891574919362737e-02
5.245092187533233891e-02
4.104942009674458769e-02
3.568991110653014359e-02
2.031394198350138999e-02
1.635954866844302816e-02
1.686137603796039955e-02
2.139788914662257499e-02
