3.734059828618246368e-01
3.614363554053366401e-01
3.656677491241823175e-01
4.026779534493954427e-01
4.161836339760808801e-01
4.182123810194752211e-01
4.214583840279745308e-01
4.110827752643854693e-01
3.974031978695958256e-01
3.981567343809957471e-01
3.960700189509470670e-01
3.834338061810643183e-01
3.967076269808972877e-01
4.095177393828373091e-01
4.196614911835266915e-01
4.323556751040169566e-01
4.311384246668179543e-01
4.237769591848757900e-01
4.212265325929809845e-01
4.223858174074786587e-01
4.413981049489572039e-01
4.880013987150086385e-01
5.242870465762193843e-01
5.641085227954834025e-01
5.985393232453571910e-01
6.445050117454114158e-01
6.843264769088633903e-01
6.836888661149601587e-01
6.554602573883431260e-01
5.486900209429004249e-01
5.459657002468545350e-01
5.437050907126548260e-01
5.550660901865900332e-01
5.513563732522918093e-01
5.646881707306382614e-01
5.719337022032248141e-01
5.624275556685325306e-01
5.624275556685324196e-01
5.832947072050661541e-01
5.845699205010135291e-01
5.972641044215037942e-01
5.784836655510655623e-01
5.430674799187514834e-01
5.449223411498536063e-01
5.221423710513753980e-01
5.187804423253793429e-01
5.255042997773714530e-01
5.264896960156238981e-01
4.965801201620558269e-01
5.261998761939760128e-01
5.570368771351891235e-01
5.642244512769332143e-01
5.722814848836209611e-01
5.985972833401524973e-01
6.062485741716487908e-01
6.130883573411374243e-01
5.955831372945528113e-01
6.083932441685866443e-01
6.341294029818224098e-01
6.519244400861020639e-01
6.303037492742153969e-01
6.430558932895008573e-01
6.258404958285169739e-01
6.021910579732360214e-01
5.877579523589053778e-01
5.383144094153584636e-01
5.406329818083066563e-01
5.301704246106655471e-01
5.342279269893130955e-01
5.213018888698762732e-01
4.843206701199670450e-01
4.625550790710918903e-01
4.699165390251281993e-01
4.700324675065777891e-01
4.761766797873681623e-01
4.897403259367549833e-01
4.954787926784007257e-01
4.918270413668037189e-01
4.955367583011019983e-01
5.088685530154953840e-01
5.371551356566728330e-01
5.577904247024010331e-01
5.508926731462577830e-01
5.417922749146631967e-01
5.441688129303127175e-01
4.882912268285156121e-01
4.811616183094729604e-01
5.052457817512960858e-01
5.522838176876079253e-01
5.424878485673149120e-01
5.257361650321300539e-01
5.512404613545601739e-01
5.998725049279588495e-01
5.960468512203518365e-01
5.810340949069132677e-01
5.763389844983155541e-01
5.659633812626324589e-01
5.693832700834240423e-01
5.653257677047763829e-01
5.602249117570341497e-01
5.563992691052388473e-01
5.470670166746977037e-01
5.179109800964826205e-01
5.583700615817439594e-01
5.859610678063166267e-01
5.956411084451601612e-01
6.078715784398515121e-01
6.094945771801479895e-01
6.123348263576434691e-01
6.174356740135269472e-01
6.100162373809773220e-01
6.099003116634805766e-01
5.944528242355937575e-01
5.722524993083172307e-01
5.604277886725356206e-01
5.563413034825375192e-01
5.503709825419453860e-01
5.519360156595407574e-01
5.498493002294919663e-01
5.492116949634948675e-01
5.487479865656017530e-01
5.618479160252366489e-01
5.562253750010878184e-01
5.495015147851426418e-01
5.291560510889684599e-01
5.111871198805375549e-01
5.321122315118668178e-01
5.470670222026037255e-01
5.500231998615492390e-01
5.481683469223059824e-01
5.463134912191098813e-01
5.299675532230696540e-01
5.288662312673204635e-01
5.219105168524289518e-01
5.257941278908783156e-01
5.359378769276147425e-01
5.445166011386151084e-01
5.467192422861604229e-01
5.332135534676160082e-01
5.341409868471200806e-01
5.337931986388178007e-01
5.240841751886237132e-01
5.244319633969258820e-01
5.453280922169044809e-01
5.377927381587169764e-01
5.452701321221089525e-01
5.348945205945669912e-01
5.216786515976703509e-01
5.022026556582988022e-01
4.955367583011019983e-01
5.023765442345438093e-01
4.767563304864759210e-01
4.780315410184702851e-01
4.880013959510556276e-01
5.040575058335887704e-01
5.587178470260931729e-01
5.723394615621345549e-01
5.413285554609581496e-01
5.930906846172184776e-01
6.023649658971522713e-01
6.038140622414386316e-01
5.889172427013091848e-01
5.831787731957104315e-01
5.852075230030576725e-01
5.820774540039141964e-01
5.741943145013777006e-01
5.587178442621401064e-01
5.377347725360156483e-01
5.103466376990386522e-01
5.092453157432893507e-01
4.970438313239020078e-01
4.742638639893766994e-01
4.478901082020027569e-01
4.259796003324211600e-01
4.409343910231580677e-01
4.166473451379268944e-01
3.894041326495624733e-01
3.704208279194345921e-01
3.565093963256983356e-01
3.220786014037307354e-01
2.313934576521719522e-01
2.203802436225857364e-01
1.976582391468088007e-01
1.819788975199755632e-01
1.612276772288445681e-01
1.645026630486945418e-01
1.434268468790384499e-01
1.472235067194827551e-01
1.542371922849818111e-01
1.888766504580952910e-01
2.079179194289480781e-01
2.161488471397869926e-01
2.055413869412044958e-01
