3.720523430493227202e-01
3.577675573322061098e-01
3.730241011304551435e-01
4.005571417323265937e-01
4.190852593317171415e-01
4.194091725138466842e-01
4.225835717425245330e-01
4.159108601030392371e-01
3.998445179038465636e-01
3.949209640143269140e-01
3.925887526513313075e-01
3.765871986489876533e-01
3.947266117802756824e-01
4.104690346190909556e-01
4.179839372133824504e-01
4.337911451599228418e-01
4.253692726813478320e-01
4.196683129447470462e-01
4.200570174128495649e-01
4.212231215497853620e-01
4.411764775387641557e-01
4.846462901243781540e-01
5.283104518549195383e-01
5.616092403902408492e-01
6.041073041620942385e-01
6.438196700842483411e-01
6.850220533254679500e-01
6.813293763241133894e-01
6.493910503380271315e-01
5.494947032668070497e-01
5.450246327748672348e-01
5.450894117043444398e-01
5.500129655938639228e-01
5.520212606856059745e-01
5.667271496029355760e-01
5.702254589246191774e-01
5.654962541800268028e-01
5.713915630615549190e-01
5.833117541291852337e-01
5.833117541291852337e-01
6.020342239626270686e-01
5.798782175587310350e-01
5.413319588626365197e-01
5.439233106565324327e-01
5.261078107073740018e-01
5.160015655865585193e-01
5.217025222340353485e-01
5.315496392804464065e-01
5.051179207969096474e-01
5.270147867699054300e-01
5.601192138038035839e-01
5.696424084007132294e-01
5.719746166745848237e-01
5.936771396809011891e-01
6.130474482350979359e-01
6.127883078041975740e-01
5.921871130944639239e-01
6.080590968813573971e-01
6.346851799554412699e-01
6.545737508366950008e-01
6.375356505563699594e-01
6.423296373195632736e-01
6.240606508837011068e-01
6.017750804426027500e-01
5.914097010691348189e-01
5.412023948254344186e-01
5.342705458441727728e-01
5.330072640456492428e-01
5.289906831295371203e-01
5.203096763983096062e-01
4.806621017621285352e-01
4.620368095902742667e-01
4.694869208985928410e-01
4.742809076617862107e-01
4.759004982854257437e-01
4.902824616641299205e-01
4.922259716481469094e-01
4.922259747372708660e-01
4.963073438502321189e-01
5.112723670202141690e-01
5.344649104347198865e-01
5.630992731549259167e-01
5.571391791656727932e-01
5.411376220742052379e-01
5.537704277029436017e-01
4.836097562028925378e-01
4.798523064503087965e-01
5.068346859930128456e-01
5.470329309557331321e-01
5.498186288054325299e-01
5.229334207460681894e-01
5.502073332735351041e-01
5.984063475146174094e-01
5.961389119919749957e-01
5.822752109403276366e-01
5.721689627303881975e-01
5.662088780085068329e-01
5.685410831932545817e-01
5.633583950510825389e-01
5.585644051987652681e-01
5.608966165617605970e-01
5.466442203093827557e-01
5.132158708259831892e-01
5.587587605219405118e-01
5.853200492209272854e-01
6.030707702406086224e-01
6.087717299772094082e-01
6.149261731113898621e-01
6.146022537510122952e-01
6.182949060393752028e-01
6.155739932974010342e-01
6.111039228054612193e-01
5.922194932918306565e-01
5.705169826420101176e-01
5.602811734839922009e-01
5.573335159541042971e-01
5.493003479436319170e-01
5.579165664780102452e-01
5.442472207495382408e-01
5.490412136909794683e-01
5.481990289144210715e-01
5.566856803224732309e-01
5.566856803224732309e-01
5.504016669728425404e-01
5.268852134653313479e-01
5.121145487076484981e-01
5.368618945489447292e-01
5.493651361404808808e-01
5.476807634982403528e-01
5.487173035979738822e-01
5.488468738134240077e-01
5.284400220703695528e-01
5.291526428097257373e-01
5.228038505306179529e-01
5.217673135200082690e-01
5.334283641567383327e-01
5.493651454078527507e-01
5.444415853400851324e-01
5.298652635490818108e-01
5.333635821381372821e-01
5.329100956514335463e-01
5.230629816941464449e-01
5.263345554952879590e-01
5.442472300169099997e-01
5.395828103800427433e-01
5.455429043692959779e-01
5.334283641567383327e-01
5.225447070105936342e-01
5.035631121918713315e-01
4.987691192504299376e-01
5.065431530082499245e-01
4.851645617188068971e-01
4.740865616059828369e-01
4.860067434062412817e-01
5.029800524005935136e-01
5.672454181082404734e-01
5.778051528048837593e-01
5.369914616752707870e-01
5.938067129854752713e-01
6.018398779068236948e-01
6.039129457497950382e-01
5.930293009601461662e-01
5.863565800532890560e-01
5.827934825347564907e-01
5.805260562794859469e-01
5.731407300788926573e-01
5.570743878796997617e-01
5.371210318907210235e-01
5.094260285195368887e-01
5.060572770568075862e-01
4.957242902372023252e-01
4.746696152190127971e-01
4.512179406409786431e-01
4.296449878501124586e-01
4.424073667834250156e-01
4.164291255192201224e-01
3.864990977139998729e-01
3.663837851339563634e-01
3.540101137578702262e-01
3.129372914647290393e-01
2.308240425214329872e-01
2.188390725243254953e-01
2.019953337454234721e-01
1.816856658422046633e-01
1.592705282747801931e-01
1.603394609283763095e-01
1.453355765789559606e-01
1.396670093962176507e-01
1.483480192165690381e-01
1.911440768759512521e-01
2.105467702612007219e-01
2.159885926560251301e-01
2.062710550924360398e-01
