3.768355353836858601e-01
3.729809089992224269e-01
3.742657873782161970e-01
4.067547661858059160e-01
4.153817904758023150e-01
4.140969120968085448e-01
4.062041102751785537e-01
4.062041102751785537e-01
4.063876680803995556e-01
3.733480071046288429e-01
3.733480071046287319e-01
3.781204137626796857e-01
4.063876680803995001e-01
4.201541883813353362e-01
4.140969208493264220e-01
4.131791580807748221e-01
4.023494926432329422e-01
4.128120512228505845e-01
4.285976636186285549e-01
4.309838538188771051e-01
4.440161604039642995e-01
4.763215901588508938e-01
5.122980972454976856e-01
5.212922283934183776e-01
6.540015019495752924e-01
6.666667104292560708e-01
7.017254284897975758e-01
6.683186781611382132e-01
6.411527356646732345e-01
5.535976756533406151e-01
5.517621326112015501e-01
5.486417199425865920e-01
5.490088268005107741e-01
5.370778407891961814e-01
5.714023626389249655e-01
5.684655165280489975e-01
5.684655165280491085e-01
5.684655165280489975e-01
5.866373103715577519e-01
5.877386396978482308e-01
5.945301034406699214e-01
5.763583008446432343e-01
5.354258467997603521e-01
5.354258555522782848e-01
5.038546307607223440e-01
5.104625629558765532e-01
5.154185099141126436e-01
5.133994178192703428e-01
5.163362814351821761e-01
5.306534751517810733e-01
5.822320280764669009e-01
5.682819499703101185e-01
5.712188048337040192e-01
6.040748992517358529e-01
6.172907811470800254e-01
6.349119278324790727e-01
5.901248386506147137e-01
5.901248386506147137e-01
6.400514238434183989e-01
6.618942950186873508e-01
6.385829789066856943e-01
6.380323229960582765e-01
6.051762285780264428e-01
6.093979530678962364e-01
5.837004555081638513e-01
5.616740177751560203e-01
5.361600692681266489e-01
5.497430405163593603e-01
5.331314355021223861e-01
5.089023653740868403e-01
4.647577285104962930e-01
4.638399482369089388e-01
4.664096962423786574e-01
4.664096962423786574e-01
4.698972157689178530e-01
4.895374545491591456e-01
4.913729888387803890e-01
4.899045701596014268e-01
4.943098524546922223e-01
5.044053041763855161e-01
5.759912289967906718e-01
5.629589224117034219e-01
5.537812334585616725e-01
5.574523107903219810e-01
5.627753646064822535e-01
4.847650653961441680e-01
4.836637448223714553e-01
5.176211685666938234e-01
5.412995915366197730e-01
5.519456991689404290e-01
4.992657994129283128e-01
5.576358510905071730e-01
6.090308724675256302e-01
5.871879662821851698e-01
5.956314327669604003e-01
5.917768063824969671e-01
5.758076449340158165e-01
5.636931098699982101e-01
5.541483228114502113e-01
5.581865070011345908e-01
5.447870935581232699e-01
5.502936964269867781e-01
5.312041223098905585e-01
5.501101386217656097e-01
5.899412808453937673e-01
6.104992823941867153e-01
6.158223362103470988e-01
6.226138349632402980e-01
6.187592085787768648e-01
6.092143952626750680e-01
6.372980917751740471e-01
6.372980917751739360e-01
5.936123319196003889e-01
5.753487591734811613e-01
5.493759161533993129e-01
5.368942829839751241e-01
5.460719631845990518e-01
5.532305512903806788e-01
5.508443523376141959e-01
5.534141090956016251e-01
5.462555122373021765e-01
5.550660855800018112e-01
5.495594827111381919e-01
5.407489093684386683e-01
5.455212985214538124e-01
5.102790139031733174e-01
5.387298172735964785e-01
5.424008946053565650e-01
5.312041223098905585e-01
5.491923758532141209e-01
5.279001605885724757e-01
5.363436270733478173e-01
5.251468547778818108e-01
5.306534663992631407e-01
5.022026542763222690e-01
5.341409946783203244e-01
5.613069284222674815e-01
5.324890094414023167e-01
5.262481841041722896e-01
5.306534751517811843e-01
5.227606645776332606e-01
5.216593264988247380e-01
5.264317244043575927e-01
5.396475887946660110e-01
5.352423064995751600e-01
5.401982534578112505e-01
5.113803344769460857e-01
5.154185186666304652e-01
5.240455254515912209e-01
5.003671112341832039e-01
5.075256993399647198e-01
4.862334928278411184e-01
4.906387751229319694e-01
4.921072025546288642e-01
5.005506602868863286e-01
5.453377582212685093e-01
5.796622975760330476e-01
5.192731538036118311e-01
5.844346867290480807e-01
6.024229315198535994e-01
6.040748992517357419e-01
5.963656639878448518e-01
5.926945779035666106e-01
5.857195388504882194e-01
5.688326058809375363e-01
5.688326058809375363e-01
5.636931098699982101e-01
5.447870935581231588e-01
5.148678540034853368e-01
5.148678540034853368e-01
4.840308516802956373e-01
4.665932628001175364e-01
4.403450830722040465e-01
4.216226070605142984e-01
4.355726939191890135e-01
4.084067514227239237e-01
3.678414217408010334e-01
3.625183679246406498e-01
3.374632964256283341e-01
3.262665241301623276e-01
1.908039535158325695e-01
1.595998355822008941e-01
1.678597617667909603e-01
1.678597617667909603e-01
1.592327374767945336e-01
1.560205459055690469e-01
1.300293707367634055e-01
1.473751850905899163e-01
1.608663730599529940e-01
2.107195290039055868e-01
2.088839859617665218e-01
2.202643160624536689e-01
2.189794376834598433e-01
