3.704111592432492439e-01
3.566446424433206142e-01
3.736417030939896411e-01
3.963289296702540709e-01
4.224669659625169826e-01
4.185022013939137531e-01
4.143906010841551524e-01
4.145374473283319205e-01
3.986784135609690582e-01
3.914831121436396777e-01
3.903083701982821840e-01
3.737885458371593694e-01
3.962555065481655481e-01
4.125550685450374844e-01
4.156387731536153041e-01
4.264317235291057995e-01
4.262114611648549212e-01
4.209251154087315649e-01
4.205580103013109583e-01
4.240088165163023448e-01
4.417033863237899705e-01
4.935389201757851563e-01
5.272393629927980552e-01
5.639500942983148857e-01
6.102056039098616713e-01
6.375183856484895051e-01
6.831865172853431867e-01
6.803964876600830936e-01
6.451541977902921499e-01
5.516152898680318772e-01
5.525697659481312307e-01
5.450073524213668863e-01
5.494126382174649992e-01
5.522760769607847342e-01
5.682819569723244202e-01
5.746696145497025565e-01
5.542584557440792814e-01
5.657122037153440308e-01
5.805433347795118104e-01
5.950073572352517770e-01
5.936857725467244995e-01
5.763583078466576470e-01
5.348751926396365652e-01
5.388399537072326995e-01
5.212922301439218975e-01
5.140969287265925169e-01
5.208516984134055061e-01
5.325257122499285067e-01
5.090308523367343962e-01
5.310572848182316674e-01
5.577092619590706679e-01
5.685022158355682587e-01
5.735682922254262683e-01
5.934655136834806610e-01
6.164464257460845475e-01
6.185022241504604112e-01
5.982379010859923962e-01
6.057268914906681623e-01
6.337004673240630437e-01
6.533039927927565271e-01
6.398678625371903017e-01
6.437591969816907067e-01
6.227606531993598038e-01
6.106461181353421974e-01
5.944199827615660459e-01
5.358296722207430696e-01
5.372246800313589254e-01
5.349119006996736481e-01
5.277900259054397747e-01
5.214023578250401858e-01
4.855727004835773686e-01
4.535976625245637939e-01
4.650514034938142416e-01
4.743025033155193193e-01
4.751101366524491110e-01
4.906754814324653657e-01
4.937591860410434075e-01
4.936857664199620910e-01
4.969897298917838047e-01
5.146108835791972647e-01
5.437592013579496397e-01
5.603524488411608662e-01
5.577092759630991603e-01
5.444934150737980039e-01
5.533774097880824749e-01
4.795888525726497709e-01
4.794420098294801535e-01
5.067547880671006144e-01
5.527900388154037836e-01
5.535976756533407261e-01
5.185022215247048205e-01
5.505139745457697797e-01
5.991923911701203531e-01
5.936857760477317614e-01
5.818649124660246752e-01
5.726138126443196530e-01
5.691630099303354173e-01
5.635095555657841926e-01
5.604258579592207301e-01
5.642437692816327788e-01
5.607195434455600758e-01
5.500000126911509524e-01
5.133627115097368909e-01
5.584434791759261829e-01
5.867841601167417265e-01
6.062408498442799498e-01
6.127019375457609662e-01
6.157856386533315796e-01
6.170337967187632389e-01
6.127019165397179501e-01
6.177679999315902615e-01
6.134361337565735761e-01
5.940895822131752047e-01
5.747797457318281067e-01
5.527533132503309465e-01
5.492657954742952153e-01
5.494860613395533555e-01
5.568282055000524089e-01
5.449339292992784189e-01
5.446402438129391843e-01
5.480910570299448725e-01
5.558003027968574372e-01
5.561674114052852502e-01
5.453010344066993031e-01
5.314978060457263842e-01
5.149779851856106649e-01
5.381057434923912641e-01
5.494860648405606174e-01
5.484581656383725745e-01
5.517621326112015501e-01
5.457415801412440759e-01
5.286343743044209509e-01
5.261380441695290289e-01
5.185022180236976697e-01
5.223935559692053365e-01
5.306901762098038544e-01
5.558737399229745080e-01
5.454478911538974684e-01
5.258443586831895722e-01
5.374449528986313673e-01
5.300293821150365847e-01
5.245961936157435002e-01
5.279368686486095585e-01
5.430984002611680683e-01
5.415565532083899125e-01
5.438326139770166545e-01
5.301028017361179012e-01
5.222467027230142111e-01
5.027166073784232747e-01
4.940528715273826976e-01
5.049926646460428659e-01
4.878854728132483443e-01
4.824522843139552597e-01
4.870778324743044174e-01
5.017621207953024687e-01
5.659324730816093219e-01
5.795888586994124569e-01
5.391336391935720451e-01
5.892804972536479502e-01
6.013216126965843511e-01
6.007342277198771674e-01
5.931718211951270137e-01
5.846549315882633158e-01
5.792217430889703422e-01
5.832599237776475709e-01
5.704846016208769965e-01
5.573421568516500058e-01
5.356828364795876984e-01
5.080396576935765074e-01
5.048458254038802329e-01
4.967694675275327598e-01
4.680616849803038160e-01
4.486050022547798388e-01
4.335536018243468237e-01
4.441262933365935361e-01
4.149045524357525827e-01
3.841409749851550925e-01
3.592143957003010035e-01
3.529001542429970883e-01
3.040748913744696913e-01
2.226872160732429051e-01
2.104258417670626380e-01
1.977239322293589396e-01
1.720631357276493079e-01
1.600954399057941957e-01
1.599118891025874123e-01
1.462114503117327435e-01
1.331424356666084108e-01
1.514243764467747277e-01
1.966226116555862546e-01
2.099853135375535362e-01
2.168869259675363648e-01
2.049926602697839384e-01
