3.762848794730584423e-01
3.762848794730584423e-01
3.821585891998462436e-01
3.895007263583309953e-01
4.185021943918993959e-01
4.339206999297531286e-01
4.034508044644877778e-01
4.034508044644877778e-01
4.170337844652382553e-01
3.718795796729318925e-01
3.729809089992224269e-01
3.638032287985986102e-01
4.107929591280083392e-01
4.221732804761775815e-01
3.990455221693969268e-01
4.041850356853720072e-01
4.041850356853720072e-01
3.953744535901546064e-01
4.357562604769280590e-01
4.346549311506374136e-01
4.390602134457282091e-01
4.897210123543803140e-01
5.220264508617846744e-01
5.234948782934817357e-01
7.165932956220597561e-01
7.165932956220597561e-01
7.184288036541272016e-01
6.395007329227193615e-01
6.119677273309196419e-01
5.719530535596241139e-01
5.436857642318325690e-01
5.524963638320857795e-01
5.436857642318325690e-01
5.334067547049180513e-01
5.605726972013832521e-01
5.866373103715577519e-01
5.994860766564596988e-01
5.697503774020070688e-01
5.807636006447700616e-01
5.866373103715577519e-01
5.866373103715577519e-01
5.789280576026308855e-01
5.624082227384864519e-01
5.429515505159840938e-01
5.436857642318325690e-01
5.058737141030467122e-01
5.110132276190217926e-01
5.194566941037971342e-01
5.069750434293373020e-01
5.433186836314619628e-01
5.899412808453937673e-01
5.866373103715578630e-01
5.499265895690624850e-01
6.024228965097819799e-01
6.207782919211012329e-01
6.413363109749301572e-01
5.859031141607450310e-01
6.108664155096646953e-01
6.464757894808336181e-01
6.798825398094928696e-01
6.372981092802098013e-01
6.508810717759244691e-01
6.196769450897748888e-01
5.991189610460175841e-01
5.939794475300425036e-01
5.704846086228912982e-01
5.543318718641533360e-01
5.554332011904438149e-01
5.359765289679415678e-01
5.275330624831661153e-01
4.599853306049634383e-01
4.530102915518850470e-01
4.530102915518850470e-01
4.530102915518850470e-01
4.919236359968899297e-01
4.963289357970165905e-01
4.849486144488472927e-01
4.886197005331254783e-01
4.944934102599132797e-01
5.051395178922339912e-01
5.580029754534673314e-01
5.704846261279271635e-01
5.469897522107044496e-01
5.580029754534673314e-01
5.524963638320857795e-01
4.992657906604104912e-01
4.849486144488472927e-01
5.161527411349968730e-01
5.697504124120786884e-01
5.616740440327095962e-01
5.128487706611608576e-01
5.513950345057951896e-01
6.141703859835008217e-01
5.789280576026308855e-01
5.991189610460175841e-01
5.844346517189764612e-01
5.741556596970979198e-01
5.543318718641533360e-01
5.605726972013832521e-01
5.561674149062924011e-01
5.524963463270501363e-01
5.524963463270501363e-01
5.223935489671910348e-01
5.308370154519663764e-01
6.013216196985987638e-01
6.112334961100353015e-01
6.060940176041317295e-01
6.060940176041317295e-01
6.218796387524276881e-01
6.189427488789621679e-01
6.464757544707621095e-01
6.552863190609437005e-01
5.763582833396075911e-01
5.877386221928125876e-01
5.477239484215170595e-01
5.491923758532140099e-01
5.491923758532140099e-01
5.451541916635295193e-01
5.506608032849109602e-01
5.561674149062924011e-01
5.425844349055419791e-01
5.580029579484314661e-01
5.524963463270499142e-01
5.539647737587469756e-01
5.602055990959770027e-01
5.304698998415243727e-01
5.271659468727240005e-01
5.719530185495523833e-01
5.223935489671910348e-01
5.264317331568756364e-01
5.293685880202695371e-01
5.293685880202695371e-01
5.073421590397794168e-01
5.253304038305849355e-01
4.838473026275925126e-01
5.356094308625350964e-01
5.403817937579965536e-01
5.407489093684386683e-01
5.084434883660700066e-01
5.091777020819184818e-01
5.249633057251785750e-01
5.176211510616580691e-01
5.381791526104510170e-01
5.521292482216436648e-01
5.308370154519663764e-01
5.396475975471838327e-01
5.073421590397794168e-01
5.095448001873248423e-01
5.051395003871982370e-01
5.227606470725975063e-01
5.033039748500950372e-01
4.893538967439381437e-01
4.937591965440648045e-01
4.871512555963926627e-01
4.988986750499683764e-01
5.414831405893228977e-01
5.811307337602479306e-01
5.022026630288400906e-01
5.892070846345810464e-01
6.116006117204774162e-01
5.932452513192297827e-01
6.082966412466414008e-01
6.027900121202242056e-01
5.892070496245095379e-01
5.704846086228912982e-01
5.756240871287948702e-01
5.620411421381159567e-01
5.513950170007594354e-01
5.165198392404032335e-01
5.165198392404032335e-01
4.893539142489739535e-01
4.750367380374108106e-01
4.258443315503841475e-01
4.262114471608262622e-01
4.361233585823343084e-01
4.089574160858692742e-01
3.582966346822529791e-01
3.582966346822529791e-01
3.494860700920712770e-01
3.087371475948557653e-01
2.198972004520115264e-01
1.657488907693381586e-01
1.580396380004112922e-01
1.793318707700886083e-01
1.738252591487071674e-01
1.585902939110387100e-01
1.270190778720006464e-01
1.644640211428622933e-01
1.796622608154579137e-01
1.923641773551758583e-01
2.125550632935267747e-01
2.118208495776783273e-01
2.143905888306300855e-01
