3.898678244637373558e-01
3.898678244637373558e-01
3.898678244637373558e-01
3.953744535901545509e-01
3.953744535901545509e-01
3.854625421686465048e-01
3.854625421686465048e-01
3.854625421686465048e-01
4.394273290561703238e-01
3.766519775784648028e-01
3.766519775784648028e-01
3.656387718407376752e-01
4.328194056135341583e-01
3.832599010211010793e-01
3.832599010211010793e-01
3.953744535901545509e-01
3.953744535901545509e-01
3.953744535901545509e-01
4.350220467610795838e-01
4.669603696580417740e-01
4.350220467610795838e-01
5.099118982927312027e-01
5.341410034308381460e-01
5.341410034308381460e-01
8.513216437680229953e-01
8.513216437680229953e-01
8.513216437680229953e-01
6.420704721756711475e-01
5.991189960560892036e-01
6.222467543628698028e-01
5.682819149602384989e-01
5.088106039765121213e-01
5.088106039765121213e-01
5.264317331568755254e-01
5.660793263278004472e-01
5.825991086768375071e-01
5.825991086768375071e-01
5.660793263278004472e-01
5.825991086768375071e-01
5.825991086768375071e-01
6.167401252364524966e-01
5.825991086768375071e-01
5.594713503700569079e-01
5.594713503700569079e-01
4.878854868172769477e-01
5.594713503700569079e-01
4.856828456697315222e-01
4.856828456697315222e-01
5.165198217353674792e-01
5.991189960560892036e-01
5.991189960560892036e-01
5.991189960560892036e-01
5.991189960560892036e-01
6.464757544707619985e-01
6.453745126696504020e-01
5.704846086228912982e-01
5.704846086228912982e-01
5.704846086228912982e-01
6.883259887892324569e-01
6.883259887892324569e-01
6.167401252364524966e-01
6.651982304824517467e-01
6.365638430492539523e-01
5.947137137609983526e-01
5.947137137609983526e-01
5.429515680210198481e-01
5.429515680210198481e-01
5.495594914636561246e-01
5.495594914636561246e-01
5.264317331568755254e-01
4.460352524988066003e-01
3.711454009671549814e-01
3.711454009671549814e-01
4.999999868712231565e-01
4.999999868712231565e-01
4.845814988384051780e-01
4.889867811334960290e-01
4.790749222270953567e-01
4.889867811334960290e-01
5.407489268734744225e-01
5.407489268734744225e-01
5.715859554542177534e-01
5.715859554542177534e-01
5.407489268734744225e-01
5.451542091685652736e-01
4.823788576908597525e-01
4.911894222810414545e-01
5.715859554542177534e-01
5.715859554542177534e-01
5.759912377493086044e-01
5.374449388946026529e-01
6.068282138149444505e-01
5.991189960560892036e-01
5.671806731591269024e-01
5.825991086768375071e-01
5.462555034847843549e-01
5.462555034847843549e-01
5.605726972013832521e-01
5.605726972013832521e-01
5.660793263278004472e-01
5.704846086228912982e-01
5.704846086228912982e-01
5.308370154519663764e-01
5.495594914636561246e-01
5.792951732130730003e-01
5.792951732130730003e-01
5.792951732130730003e-01
6.310573189530513938e-01
6.222467543628698028e-01
5.936123669296718974e-01
6.883259887892324569e-01
6.365638430492539523e-01
5.825991086768375071e-01
5.859030441406019030e-01
5.429515680210198481e-01
5.737885440866558051e-01
5.737885440866558051e-01
5.308370154519663764e-01
5.660793263278004472e-01
5.660793263278004472e-01
5.495594914636561246e-01
5.374449388946026529e-01
5.374449388946026529e-01
5.495594914636561246e-01
5.495594914636561246e-01
5.308370154519663764e-01
5.649779794964741031e-01
5.572687092225114824e-01
5.242290920093300999e-01
5.176211685666938234e-01
4.834802045221860967e-01
4.834802045221860967e-01
5.495594914636561246e-01
4.889867811334960290e-01
4.889867811334960290e-01
4.856828456697315222e-01
5.374449388946026529e-01
5.374449388946026529e-01
4.834802045221860967e-01
5.264317331568755254e-01
4.834802045221860967e-01
5.462555034847843549e-01
5.462555034847843549e-01
5.341410034308381460e-01
5.374449388946026529e-01
5.242290920093300999e-01
5.176211685666938234e-01
5.451542091685652736e-01
4.999999868712231565e-01
5.374449388946026529e-01
5.308370154519663764e-01
4.911894222810414545e-01
4.856828456697315222e-01
4.845814988384051780e-01
5.055066159976403517e-01
5.947137137609983526e-01
5.947137137609983526e-01
5.286343743044209509e-01
5.947137137609983526e-01
5.848018023394901954e-01
5.605726972013832521e-01
5.991189960560892036e-01
5.825991086768375071e-01
6.189427138688905483e-01
5.704846086228912982e-01
5.803965200443993444e-01
5.561674149062924011e-01
5.495594914636561246e-01
4.878854868172769477e-01
4.878854868172769477e-01
4.790749222270953567e-01
4.790749222270953567e-01
4.129955827705179550e-01
4.196035062131542315e-01
4.262114821708978818e-01
3.700440541358285262e-01
3.436123603652835312e-01
3.436123603652835312e-01
3.612334895456469352e-01
3.281938198173581789e-01
1.718061407963112353e-01
1.596916407423650819e-01
1.596916407423650819e-01
1.701541730644290373e-01
2.081497985034717058e-01
1.332598944567127131e-01
1.420704590468943596e-01
2.026431693770545106e-01
2.125550807985625568e-01
1.916299636393273831e-01
1.530837172997288054e-01
2.169603630936534078e-01
1.729074876276376349e-01
