3.758510219352762527e-01
3.539247090285301822e-01
3.757508994960647164e-01
3.968762519855216220e-01
4.230076118571368671e-01
4.223067691049584016e-01
4.140969152795423991e-01
4.143972778230761156e-01
3.888666382644277997e-01
3.902683189946838938e-01
3.902683189946840048e-01
3.732478958049855189e-01
3.974769770725891660e-01
4.144974002622875964e-01
4.162995659752890543e-01
4.271125411568952313e-01
4.261113406352837196e-01
4.261113406352837196e-01
4.213055733574476158e-01
4.287144619914737831e-01
4.479375311028182538e-01
4.803764614217372886e-01
5.413496280900387259e-01
5.633760682100968920e-01
6.318582554998374290e-01
6.385663109298864715e-01
6.854225335341125325e-01
6.777132680342504711e-01
6.307569277649136552e-01
5.501602165507237796e-01
5.438526365552185382e-01
5.510612850849224698e-01
5.472567183286978221e-01
5.539647689846463052e-01
5.625751030187070567e-01
5.650781067097863097e-01
5.595715014538723553e-01
5.630757056665631755e-01
5.793952908781837552e-01
5.915098243508346565e-01
5.880056201381438363e-01
5.825991325473407478e-01
5.385462666295263157e-01
5.413496328641393962e-01
5.145174302403456856e-01
5.141169500317009922e-01
5.162194735141355517e-01
5.235282444830509085e-01
5.136163569320462141e-01
5.360432677125477330e-01
5.663796650008309230e-01
5.663796650008309230e-01
5.735883183046355249e-01
5.927112745249698555e-01
6.196435995879751024e-01
6.234481567959982984e-01
6.012214813457185114e-01
6.155386655141159569e-01
6.397677515558203298e-01
6.621946623363218487e-01
6.337605293297483566e-01
6.402683351072737672e-01
6.241489852258746973e-01
6.050260481019429371e-01
6.002202760500062739e-01
5.408490302162832775e-01
5.283340069867865640e-01
5.395975235966429251e-01
5.287845531891374184e-01
5.180716956726421074e-01
4.785242392632307329e-01
4.594513538107035111e-01
4.651581991709395902e-01
4.712655247398204739e-01
4.733680482222551444e-01
4.907889516205981573e-01
4.924909996684888602e-01
4.920905194598442223e-01
4.991990503244373434e-01
5.227272888398624140e-01
5.446536112948098252e-01
5.616740392586089259e-01
5.539647833069483163e-01
5.587705553588850904e-01
5.484581780510343618e-01
4.882859527036195746e-01
4.830797052171388883e-01
5.055066255458416924e-01
5.525631073507928370e-01
5.635763226367213052e-01
5.141169595799023329e-01
5.540649057461597415e-01
5.931117642818158897e-01
5.929115098551914764e-01
5.868041747381093076e-01
5.736884359697461688e-01
5.714857900481002950e-01
5.615739024970953785e-01
5.623748676884854358e-01
5.603724570970609609e-01
5.590708988060163476e-01
5.529635684630348491e-01
5.281337716565648321e-01
5.491590017068102014e-01
5.837004507340631809e-01
6.059271405066449789e-01
6.133360291406712017e-01
6.146375922058164853e-01
6.186423942922628649e-01
6.143372153399808688e-01
6.224469419520847202e-01
6.172406896915032526e-01
5.918602337916721856e-01
5.683320000503475633e-01
5.529635636889340677e-01
5.477573162024532705e-01
5.410492703206055687e-01
5.508610449806001785e-01
5.516620053978893434e-01
5.453544301764849944e-01
5.507609225413886422e-01
5.530636861281454930e-01
5.530636861281454930e-01
5.378454238773479057e-01
5.344413421038686218e-01
5.177212766836032376e-01
5.323388186214340623e-01
5.493592418111324926e-01
5.404485547817392543e-01
5.563676550106146923e-01
5.444533664163868636e-01
5.303364128041102576e-01
5.225270439614394524e-01
5.166199632709815859e-01
5.114137110104001183e-01
5.275330608917992992e-01
5.569683848717829067e-01
5.445534840814976185e-01
5.287344967436323762e-01
5.322387057304239777e-01
5.197236777268264829e-01
5.187224772052148047e-01
5.324389410606454875e-01
5.398478296946717103e-01
5.389467516122716795e-01
5.483580460636215959e-01
5.275330513435979585e-01
5.189227173095370960e-01
5.035042149544172174e-01
4.997997658633035467e-01
5.090108202103311719e-01
4.932919600857780806e-01
4.848818661560396759e-01
4.903884714119536303e-01
4.983980851330473971e-01
5.505606967593683621e-01
5.727873674355475897e-01
5.332399014779347635e-01
5.852022682258327668e-01
5.995194476201297640e-01
6.042250781364523204e-01
5.962154739635598943e-01
5.855026116729639130e-01
5.848017736948861733e-01
5.835002106297408897e-01
5.694833937789778311e-01
5.578694534059818189e-01
5.407489125511724115e-01
5.133660508340175399e-01
5.113135837970879116e-01
4.976972471549695465e-01
4.779735849439702977e-01
4.433320039293043857e-01
4.343211849124984369e-01
4.416299654296151900e-01
4.210052108139137883e-01
3.807569164264245631e-01
3.569283201415662243e-01
3.457649259709212330e-01
3.135262357563244340e-01
2.007909376703466142e-01
1.816679957723142391e-01
1.816679957723142114e-01
1.587404775698559312e-01
1.616439662436804647e-01
1.583900585808170614e-01
1.463155774257213215e-01
1.342010391789698331e-01
1.620344423243750276e-01
1.898277907651748919e-01
2.097517002416475485e-01
2.188626321494636651e-01
2.088506221592474899e-01
