3.101965771421049678e-01
3.074324739632452452e-01
3.187961069540872217e-01
3.234029749978875046e-01
3.316953724644435275e-01
3.215602394634142769e-01
3.187960777157574643e-01
3.402948730073837025e-01
3.498157412868476701e-01
3.516584767291832669e-01
3.495086382104636291e-01
3.479730350828418306e-01
3.449017702280885445e-01
3.605651389173045729e-01
3.673219039871964409e-01
3.759214337991787502e-01
3.863636697844544665e-01
3.746929337172284491e-01
3.703931688112372944e-01
3.728501689751378967e-01
3.768428015357028205e-01
3.977272735983917729e-01
4.020270385043829275e-01
3.882064053189275832e-01
4.090909066199462929e-01
4.029484062409069978e-01
3.842137727583627704e-01
3.894349053701654517e-01
3.983415382585319131e-01
4.103194067018965940e-01
4.041769063228572989e-01
4.103194359709390060e-01
4.124693037894134884e-01
4.093980389653726348e-01
4.410319379275605689e-01
4.511671001669195213e-01
4.477887030281649805e-01
4.493243354248291910e-01
4.566953358551063546e-01
4.665233657797516198e-01
4.738943662407412161e-01
3.980344059131055712e-01
3.943489056672544457e-01
4.057125387195215094e-01
3.894349053701654517e-01
3.694717718363833558e-01
3.445946086443324452e-01
3.768427722666605195e-01
3.882064345879698841e-01
4.054054356738500120e-01
4.066339357558004242e-01
3.943488764289247994e-01
3.934275086924006182e-01
4.041769355918995998e-01
4.084767004978908655e-01
4.050983032977111264e-01
4.087838035435623629e-01
3.998771706859084452e-01
3.756142722154227620e-01
3.544226092692228658e-01
3.670147423727279090e-01
3.651720068996797686e-01
3.538083738474127049e-01
3.617936389992549850e-01
3.590295357589701197e-01
3.387592405800069484e-01
3.421376084497191883e-01
3.323096078248287677e-01
3.596437711807803916e-01
3.516584767291833780e-01
3.581081094536490150e-01
3.396806082858184750e-01
3.418304760735803027e-01
3.399877406312447059e-01
3.421376084497191883e-01
3.191032100304712626e-01
3.301597107373120399e-01
3.267813135678449554e-01
3.277027105734113266e-01
3.418304761042928464e-01
3.452088440047177409e-01
3.510442413380855387e-01
3.568796387021658800e-01
3.590295065206403624e-01
3.740786397573335753e-01
3.710074042330475663e-01
3.937346702761566064e-01
4.060196710649477403e-01
4.127764361348397193e-01
4.324324666536627504e-01
4.290540694841956659e-01
4.226044660594847624e-01
4.207617012866819994e-01
4.133907008256922921e-01
4.161548040352645028e-01
4.011056414681041238e-01
3.995700383404822142e-01
3.961916704400573197e-01
3.854423021093553725e-01
3.811425372033642178e-01
3.918919055340662760e-01
3.968059058311552700e-01
4.075552741925696498e-01
3.977272735676792292e-01
3.857493758552721363e-01
3.832924049911262676e-01
3.590294772208856289e-01
3.691646394295320377e-01
3.789926400851350019e-01
3.645577714778693856e-01
3.516585060289382225e-01
3.366093727308199224e-01
3.488943442198564338e-01
3.415233437895790480e-01
3.218673425090857743e-01
3.221744748852245488e-01
3.482801088594711381e-01
3.590295357896825523e-01
3.519656383743644534e-01
3.611793743084023012e-01
3.436732408770958314e-01
3.476658734376607551e-01
3.525798737347497491e-01
3.636364037720578590e-01
3.796068754455202976e-01
3.734644043662357360e-01
3.740786397880461189e-01
3.679361686473364701e-01
3.878993022118309986e-01
3.854423020786429399e-01
3.673219039871964409e-01
3.710074042023350227e-01
3.700860364658109525e-01
3.439804025222769068e-01
3.430590054552855594e-01
3.237101072511762156e-01
3.132678419661457658e-01
3.206388131580932277e-01
3.215602101943720870e-01
2.948403408597403130e-01
3.101966064418597568e-01
3.273956075277398292e-01
3.218673425090858298e-01
3.187961363152671534e-01
3.169533715117515138e-01
3.298526077223531416e-01
3.243243427036990312e-01
3.295455046459691006e-01
3.277027106041239257e-01
3.412162114441529281e-01
3.323095785864991214e-01
3.249386073638391159e-01
3.273955782279850957e-01
3.163391068516115956e-01
3.283170045640186330e-01
2.997543118877870061e-01
3.194103716756523381e-01
3.108108564828348519e-01
2.963759586065270457e-01
3.009828265581897533e-01
2.926904437107985535e-01
2.877764287638321927e-01
2.859336932907839968e-01
2.939189438234615093e-01
2.810196783438176915e-01
2.739558102282542706e-01
2.831695461622921739e-01
2.911548113141344540e-01
2.929975760869373280e-01
2.767199280877039591e-01
2.745700456193521100e-01
2.687346629358616790e-01
2.539926473640048976e-01
2.444717644346633689e-01
2.460073968620400398e-01
2.496929117577685320e-01
2.613636625055845153e-01
2.776412958242280293e-01
2.644349126490354029e-01
2.896192081558000009e-01
2.893120904602510812e-01
2.963759732256918689e-01
2.837837961725547808e-01
3.105036948376538319e-01
2.871621787228569866e-01
3.055896945405648935e-01
2.939189291428715434e-01
2.890049141959052381e-01
2.598280300167827850e-01
2.549140444002837569e-01
2.364865139326985111e-01
2.475430292894166551e-01
2.484643970259407530e-01
