3.182464955861175060e-01
3.157248544861827044e-01
3.103582442581513945e-01
3.234191552354525601e-01
3.262641027871875932e-01
3.248416259239024773e-01
3.265873814942570341e-01
3.334411156899769746e-01
3.381611500116927793e-01
3.457907913068886119e-01
3.474072403187656866e-01
3.484417666971002525e-01
3.494762992502699062e-01
3.523859062366816453e-01
3.634424177106893583e-01
3.689383406526359210e-01
3.759214060479820207e-01
3.726885080371595826e-01
3.644769440954896411e-01
3.721712448447594968e-01
3.814819884375368897e-01
3.903401282919881643e-01
3.977757851147847856e-01
3.967412525680809043e-01
3.978404383940235545e-01
3.975171473566811442e-01
3.994568935742700555e-01
3.998448440462891162e-01
4.017199123176273812e-01
4.030777359016737837e-01
4.072805008626199652e-01
4.079917423719814917e-01
4.099314824147352043e-01
4.142635600960626330e-01
4.229277277889902931e-01
4.320444992331758383e-01
4.422604503284689459e-01
4.442001903776884308e-01
4.376697410509414188e-01
4.326910874568328791e-01
4.379283788090452267e-01
4.188542755225621583e-01
3.991336025239960450e-01
4.057287174602547952e-01
4.048881693988815034e-01
3.845855737538415031e-01
3.713306783041411818e-01
3.745635763343610480e-01
3.958360512274690102e-01
4.054700858705205246e-01
4.090262687567817745e-01
4.034656802182549629e-01
4.059873490629206660e-01
4.090262872618901091e-01
4.075391447826273161e-01
4.096081975392963370e-01
4.092849003400502728e-01
4.055347453051970641e-01
3.884003820873308532e-01
3.742402852970185823e-01
3.699082014473218383e-01
3.657700959210521963e-01
3.636363898851444065e-01
3.694556161753091428e-01
3.521919340622264860e-01
3.439157106794141217e-01
3.435277602073950609e-01
3.421052833570414897e-01
3.536143985952386326e-01
3.503815067333880817e-01
3.441096766725681988e-01
3.419113173703532960e-01
3.388723915016568777e-01
3.381611499858295788e-01
3.390663574818793546e-01
3.384844286928990198e-01
3.380318249481070181e-01
3.296909513767063982e-01
3.370619580109148750e-01
3.336997411048759909e-01
3.408121253889727642e-01
3.495409586849465566e-01
3.533557731803394497e-01
3.640889874615668709e-01
3.647355633678823761e-01
3.732704183339632942e-01
3.838096727968718369e-01
4.077331046203436227e-01
4.116772503153627305e-01
4.146515105810131829e-01
4.188542817103287907e-01
4.167852227788245711e-01
4.207293623184059639e-01
4.215699042049438350e-01
4.184663250634745868e-01
4.105133927180046327e-01
4.070218816031587750e-01
3.951894814959887592e-01
3.844562487161189424e-01
3.913746546703227303e-01
3.905987537198188364e-01
3.984870266306121400e-01
3.949954908487543492e-01
3.902107970923619495e-01
3.861373448453310764e-01
3.766326290974958968e-01
3.637010431579173475e-01
3.682917585973484176e-01
3.772792234765906527e-01
3.662227119831855671e-01
3.564593584707809737e-01
3.458554445537983524e-01
3.411354164133836853e-01
3.403595154499481357e-01
3.371912768738021815e-01
3.336350939940066485e-01
3.459201040208039757e-01
3.540023490931207273e-01
3.534850858942548690e-01
3.534850858877890967e-01
3.382904565378412332e-01
3.377732056886458278e-01
3.456614724116723325e-01
3.530971354093042636e-01
3.656407831877394599e-01
3.723005513903053232e-01
3.786370408987334568e-01
3.769559386011518409e-01
3.857494128396254940e-01
3.805121276687141729e-01
3.711367184664249863e-01
3.652528388776240531e-01
3.553601788196734113e-01
3.515453520069390381e-01
3.379671716688683047e-01
3.355748155316521375e-01
3.245829789067787852e-01
3.192163594391249637e-01
3.117160431751859195e-01
3.094530213476438529e-01
3.140437398712596639e-01
3.213500963104141128e-01
3.223199694224413991e-01
3.257468396012532796e-01
3.194750218642405937e-01
3.247769603273222838e-01
3.320186511634307114e-01
3.320833105916413674e-01
3.294969884742028343e-01
3.310487657275961171e-01
3.281391587217869499e-01
3.253588829479331923e-01
3.277512267484104513e-01
3.204448764711596565e-01
3.150136191387248874e-01
3.115220802726823002e-01
3.154662198187295763e-01
3.089357643300789102e-01
3.121039998220401790e-01
3.002069279434547155e-01
2.833311963153228308e-01
2.843657257713761433e-01
2.872753389196914253e-01
2.934178408456724618e-01
2.832665430296181786e-01
2.746670347907643750e-01
2.822966760988918078e-01
2.864994410469064445e-01
2.877279426774150273e-01
2.841717597911536664e-01
2.834605182559290504e-01
2.810681713906643675e-01
2.752489543401221983e-01
2.636105233038250617e-01
2.628346315929437904e-01
2.547523865400243004e-01
2.562395228379860113e-01
2.642571084562289063e-01
2.599896809699555611e-01
2.889564535346144658e-01
2.907668716173644197e-01
2.860468465417370654e-01
2.878572615338365059e-01
2.967800577452455180e-01
2.943230483481879545e-01
2.912194692002529339e-01
2.919953608982025495e-01
2.859175153421108506e-01
2.626406501788661196e-01
2.521014018713954585e-01
2.466701445583580343e-01
2.429199802709506306e-01
2.505496184948933780e-01
