3.179650430129727368e-01
3.160861812096490975e-01
3.100881981783776831e-01
3.223732161896724624e-01
3.272872165030209501e-01
3.243243616406845109e-01
3.257696489679102747e-01
3.308281752628612349e-01
3.381991860667474814e-01
3.458592556989925626e-01
3.469432246287955657e-01
3.474490758729749107e-01
3.507732628991745427e-01
3.504119376221447868e-01
3.619743050649269489e-01
3.719468385456069504e-01
3.750542262619263045e-01
3.712964613270516856e-01
3.632027999691058717e-01
3.713687277612697235e-01
3.802572923049202247e-01
3.913860680581340290e-01
3.999133004523742208e-01
4.003468852695620250e-01
3.994797087483529796e-01
3.964445874662514968e-01
3.992629232338189560e-01
4.000578333208101856e-01
4.001300859669081889e-01
4.027316224390483645e-01
4.084405397262214077e-01
4.087296054558667846e-01
4.101748996626995436e-01
4.140771905864031321e-01
4.244110562381728236e-01
4.345281225945151760e-01
4.409596835489144606e-01
4.478248362073350419e-01
4.369851261909929452e-01
4.331551017015073946e-01
4.403093063086798709e-01
4.148721075530013014e-01
3.989015979423362612e-01
4.047550412183382740e-01
4.046827885650137180e-01
3.840150641555342692e-01
3.704292710321757109e-01
3.757046035166139442e-01
3.963000683642561306e-01
4.056222177467738721e-01
4.081514808906360758e-01
4.041046502261161355e-01
4.067784600120812333e-01
4.089464185538669860e-01
4.091631971598880257e-01
4.088018718828582698e-01
4.090909238316101648e-01
4.042491899669325428e-01
3.869056388027592996e-01
3.717300323850255550e-01
3.694898211899152463e-01
3.652984714233998287e-01
3.634918588335972478e-01
3.663824610137031978e-01
3.486775845508207072e-01
3.447752867402836818e-01
3.442694286020444583e-01
3.388495632636231991e-01
3.509900484064820692e-01
3.520740242231184536e-01
3.430409199097456119e-01
3.413788401883788848e-01
3.410175149185755705e-01
3.423182762569724202e-01
3.350195249860177249e-01
3.358144350874618378e-01
3.381269058299566366e-01
3.314785524741899470e-01
3.353808502847269724e-01
3.335742307936379047e-01
3.395722138249093192e-01
3.509900553005419477e-01
3.532302596088188196e-01
3.624078829952812053e-01
3.632750595309432451e-01
3.720190980929914404e-01
3.834369395686241244e-01
4.081514808906361313e-01
4.124151108650363495e-01
4.144385227574928221e-01
4.205810317559136591e-01
4.188466718122091370e-01
4.199306476432985158e-01
4.235438728156773469e-01
4.166787201572568211e-01
4.097413010646183129e-01
4.068507264390726075e-01
3.960110164299571189e-01
3.833646731488591364e-01
3.926868294037574314e-01
3.922532376925096931e-01
3.978898885599178037e-01
3.960110026490636925e-01
3.911692549962662024e-01
3.900852860592367577e-01
3.754155377869686783e-01
3.637809107823490873e-01
3.653707378503913139e-01
3.741870566347772487e-01
3.655875440326520898e-01
3.543142354182288734e-01
3.452088646561849994e-01
3.408729820501397167e-01
3.398612726460417677e-01
3.355976495657013725e-01
3.323457358822324847e-01
3.461483076405180159e-01
3.546755538301045174e-01
3.531579931746009482e-01
3.551814050598309236e-01
3.361757603717180909e-01
3.411620409001780430e-01
3.434745116137669085e-01
3.546755538084251924e-01
3.673218901882368548e-01
3.711519215645558978e-01
3.788119981125404045e-01
3.789565309665233195e-01
3.847377078010809082e-01
3.807631504576123871e-01
3.733921396537261961e-01
3.676832154652666662e-01
3.567712459159930183e-01
3.507732628919481010e-01
3.410897675646736849e-01
3.353808433689876023e-01
3.250469949595941599e-01
3.187599496529339160e-01
3.090042085736213751e-01
3.087151669731858505e-01
3.138459631349317935e-01
3.215782992086214098e-01
3.231681331779499566e-01
3.264923064160298871e-01
3.178928006935116679e-01
3.235294446740863972e-01
3.320566839479335841e-01
3.345136875371848006e-01
3.317676250978952024e-01
3.297441994389983533e-01
3.277207806380288413e-01
3.232403858240480155e-01
3.280098532617341522e-01
3.203497974031559448e-01
3.150744718200041428e-01
3.095823434871684543e-01
3.144963507018034288e-01
3.068362810551053532e-01
3.110276342541977712e-01
3.005492357339921705e-01
2.847232452036432271e-01
2.873247782143004136e-01
2.897817852505816805e-01
2.933950173314733290e-01
2.811100131155250259e-01
2.754733553757363618e-01
2.844341898006347846e-01
2.868911933826596150e-01
2.879751657811719934e-01
2.857349614873480603e-01
2.850845773458270394e-01
2.795924524744742845e-01
2.746784418344888068e-01
2.605145482534299006e-01
2.622489081899080365e-01
2.541552502862186591e-01
2.555282849528933697e-01
2.651395000578300465e-01
2.596473751720243528e-01
2.889868820504239433e-01
2.910825569300683480e-01
2.842896706986394184e-01
2.902153769473763689e-01
2.979477061414589900e-01
2.950571039468999901e-01
2.905766884507393066e-01
2.922387819529994046e-01
2.868911865030526198e-01
2.608036036275323544e-01
2.542275098046972159e-01
2.446163016082734953e-01
2.423038308874581048e-01
2.488076582688487914e-01
