3.065111062267211750e-01
3.028255766811152605e-01
3.267813721059295018e-01
3.316953724951561266e-01
3.273956368582071619e-01
3.163391068208990520e-01
3.065110476272115414e-01
3.452089025735147754e-01
3.476658441993309978e-01
3.482801088287584834e-01
3.476659027374154887e-01
3.402949022457133488e-01
3.482801674282681725e-01
3.519656383743644534e-01
3.673219039871964409e-01
3.783784339630794635e-01
3.875921698664048787e-01
3.814496987564077735e-01
3.679361686780490137e-01
3.753071691083261774e-01
3.832924342908810011e-01
3.968059058925802463e-01
4.004914353767611290e-01
3.765356399519467212e-01
3.974201705220078429e-01
3.912776408739261358e-01
3.851351697639291416e-01
3.845209050730766798e-01
3.882063760191728496e-01
4.183046425539841406e-01
4.017199061589565856e-01
4.097051712800864331e-01
4.072481711161857199e-01
4.170761717717885730e-01
4.367321730215694142e-01
4.576167621911400030e-01
4.539312327069591202e-01
4.570024389622028282e-01
4.649877040833326758e-01
4.668304980944654181e-01
4.742014985861675580e-01
3.906634347211581648e-01
3.857494343933566272e-01
4.041769063228574099e-01
3.839066403822239959e-01
3.488943735810362545e-01
3.464373734171355412e-01
3.679361100785393246e-01
3.980344352128604157e-01
4.121621714439871464e-01
4.109337006617915788e-01
3.906633761830736740e-01
3.955773765108751006e-01
4.127764361348396083e-01
4.072482297156952979e-01
4.029484354792367551e-01
4.121621714439870354e-01
4.029484355406618423e-01
3.851351697639291416e-01
3.458231087262828574e-01
3.630221098121629852e-01
3.667076392963438680e-01
3.667076392963438680e-01
3.556511093204608454e-01
3.470516380465629158e-01
3.402949023071384360e-01
3.513513736835118806e-01
3.243243720034538202e-01
3.513513736835118806e-01
3.372235788528754608e-01
3.372235788528754608e-01
3.347665786889747475e-01
3.402948436462036597e-01
3.138821066569981721e-01
3.261671074765018496e-01
3.194103130761427600e-01
3.206388424578479057e-01
3.144963128097663096e-01
3.409091083370563435e-01
3.353808433798272093e-01
3.372235788528754608e-01
3.501228443018066239e-01
3.556511093204607343e-01
3.660933746669162714e-01
3.691646394602445813e-01
3.716216396241454056e-01
3.894349054008779953e-01
4.115479067531344626e-01
4.158477009895931165e-01
4.219902306376744905e-01
4.195331719356892863e-01
4.115479653526439296e-01
4.115479067531345736e-01
4.127764361348397193e-01
4.140049655165448650e-01
4.041769063228574099e-01
3.961916411403025862e-01
3.851351697639290306e-01
3.728501690058504403e-01
3.796069048067001184e-01
3.839066403822239959e-01
3.863636405461248202e-01
4.097051712800864331e-01
4.047911709522848955e-01
3.802211108366181369e-01
3.740786397266210317e-01
3.753071105702417976e-01
3.636364329796749617e-01
3.888206407100255335e-01
3.599509034954941900e-01
3.476659027374155997e-01
3.409091083370562325e-01
3.402948437076288579e-01
3.378378435437280336e-01
3.384521081731555192e-01
3.310811077428783555e-01
3.507371089926593077e-01
3.630221683502474761e-01
3.519656383743644534e-01
3.519656383743644534e-01
3.495086382104636291e-01
3.519656383743644534e-01
3.470516380465629158e-01
3.581081680838711367e-01
3.943489056672544457e-01
3.820639049091758555e-01
3.789926401158475455e-01
3.728501689444253531e-01
3.857494343933566272e-01
3.832924342908810011e-01
3.716216396241454056e-01
3.679361686780490137e-01
3.722359042535728912e-01
3.384521668340902956e-01
3.409091083370562325e-01
3.366093727001072677e-01
3.126535772752931930e-01
3.138820480574887606e-01
3.052825768450160293e-01
3.009828412694921518e-01
3.249386366943064486e-01
3.280098429495501566e-01
3.169533129122421578e-01
3.255529013851590214e-01
3.243243719420286775e-01
3.316953724951561266e-01
3.267813721673545890e-01
3.255529013851590214e-01
3.194103131375679028e-01
3.452088439740051973e-01
3.316953138956465486e-01
3.267813721673546445e-01
3.114250479550131345e-01
3.243243720034538757e-01
3.316953724337309284e-01
3.169533129736670785e-01
3.120393711839500872e-01
2.972973409622159391e-01
2.893120758410862581e-01
2.960688115805107934e-01
3.028255766811152605e-01
2.794840459471535921e-01
2.739558102282542706e-01
2.972973117238862928e-01
2.598280446973727509e-01
2.616707801704208358e-01
2.764127810924002504e-01
2.905405759230366702e-01
2.917691053047417049e-01
2.770270457832528788e-01
2.745700456193521100e-01
2.757985457013024666e-01
2.309582489447569720e-01
2.278869840900036303e-01
2.500000441031948184e-01
2.340295137995102581e-01
2.696560453529757151e-01
2.702702807440734989e-01
2.635135448817987891e-01
2.862408402860877055e-01
2.923833406344145125e-01
2.991401057350189241e-01
2.831695461315796303e-01
3.003685472174597026e-01
2.684275159712705139e-01
2.979115470535590449e-01
2.960687823421811471e-01
2.899262819324293083e-01
2.364865139019859397e-01
2.665848097979771625e-01
2.426290143117378340e-01
2.487715440212444062e-01
2.585995446154223387e-01
