2.972973703233957599e-01
3.255528427856494433e-01
3.415233730279089164e-01
3.280099015490597347e-01
3.280099015490597347e-01
3.095823124205397958e-01
3.034397828338832870e-01
3.378379020818126355e-01
3.292383137317457242e-01
3.525799030652169153e-01
3.525799030652169153e-01
3.427519024096140621e-01
3.378379020818126355e-01
3.660933746669162714e-01
3.722359042535728912e-01
3.624079037208199905e-01
3.943489642053389366e-01
3.685504333074766103e-01
3.624079037208199905e-01
3.771499045813743178e-01
3.783784339630794635e-01
3.931204349464839654e-01
4.041769648609420118e-01
3.562653740113131962e-01
3.955773765108751006e-01
3.869779052369771710e-01
3.820639049091757444e-01
3.697788456130127743e-01
4.066339064253329250e-01
4.410319085970931807e-01
4.164619070809360002e-01
4.029484354792368661e-01
4.029484354792368661e-01
4.127764361348397193e-01
4.213759074087374268e-01
4.643734979305645938e-01
4.570024389622028282e-01
4.570024389622028282e-01
4.729729692044625233e-01
4.729729692044625233e-01
4.803440282956742413e-01
4.078624358070382927e-01
4.078624358070382927e-01
4.004913768386765272e-01
3.624079037208199905e-01
3.353808434412525186e-01
3.574939033930185639e-01
3.796068461457654530e-01
4.078624358070382927e-01
4.078624358070382927e-01
3.943489642053389366e-01
3.906633761830736740e-01
3.906633761830736740e-01
4.090909651887432164e-01
3.992629645331405852e-01
3.992629645331405852e-01
4.066339064253329250e-01
3.882064346186825388e-01
3.882064346186825388e-01
3.353808434412525186e-01
3.562653740113131962e-01
3.697788456130127743e-01
3.636364329796749617e-01
3.697788456130127743e-01
3.366093727001072677e-01
3.574939033930185639e-01
3.574939033930185639e-01
3.574939033930185639e-01
3.574939033930185639e-01
3.452088439740051973e-01
3.292383137317457242e-01
3.402948436462037707e-01
3.366093727001072677e-01
3.366093727001072677e-01
2.911548406138890766e-01
2.948403115599854685e-01
2.948403115599854685e-01
3.341523140595471508e-01
3.439803145923000516e-01
3.341523140595471508e-01
3.439803145923000516e-01
3.488943149201014782e-01
3.660933746669162714e-01
3.660933746669162714e-01
3.722359042535728912e-01
3.808353755274708208e-01
3.574939033930185639e-01
4.164619070809360002e-01
4.275184371182442211e-01
4.189189658443462916e-01
4.176904364626411459e-01
4.090909651887432164e-01
4.127764361348397193e-01
4.152334948982500107e-01
4.201474952260514373e-01
4.004913768386765272e-01
3.869779052369771710e-01
3.832924342908808901e-01
3.624079037208199905e-01
3.624079037208199905e-01
3.697788456130127743e-01
4.029484354792368661e-01
4.029484354792368661e-01
3.685504333074766103e-01
3.808353755274708208e-01
3.685504333074766103e-01
3.697788456130127743e-01
3.636364329796749617e-01
3.697788456130127743e-01
3.734644336352780369e-01
3.415233730279089164e-01
3.366093727001072677e-01
3.390663143873487995e-01
3.366093727001072677e-01
3.366093727001072677e-01
3.218673718395529404e-01
3.574939033930185639e-01
3.587224327747237096e-01
3.378379020818126355e-01
3.378379020818126355e-01
3.464373733557103430e-01
3.464373733557103430e-01
3.366093727001072677e-01
3.587224327747237096e-01
3.832924342908808901e-01
3.808353755274708208e-01
3.955773765108751006e-01
3.513513736835117696e-01
3.943489642053389366e-01
3.783784339630794635e-01
3.624079037208199905e-01
3.734644336352780369e-01
3.734644336352780369e-01
3.538084324469222830e-01
3.452088439740051973e-01
3.366093727001072677e-01
3.108108418022451636e-01
3.144963127483412224e-01
3.132677833666362988e-01
2.972973703233957599e-01
3.267813721673545890e-01
3.292383137317457242e-01
3.157248421300465901e-01
3.230959012212583081e-01
3.120393711839500872e-01
3.353808434412525186e-01
3.267813721673545890e-01
3.280099015490597347e-01
3.034397828338832870e-01
3.439803145923000516e-01
3.243243134039442976e-01
3.574939033930185639e-01
3.046683122155885437e-01
3.230959012212583081e-01
3.366093727001072677e-01
3.304668431134508699e-01
3.120393711839500872e-01
3.120393711839500872e-01
2.960688409416907252e-01
2.825553107404817910e-01
3.095823124205397958e-01
2.653563097160267503e-01
2.825553107404817910e-01
2.936117821782804338e-01
2.493857793509172138e-01
2.506142501331126704e-01
2.641277803343216046e-01
2.960688409416907252e-01
2.923833699955943333e-01
2.862407816865781829e-01
2.592137800065201780e-01
2.886977818504788962e-01
2.248157192352503442e-01
2.309582489447569165e-01
2.628993095521260370e-01
2.309582489447569165e-01
2.714987808260238555e-01
2.690417806621231422e-01
2.800983105765810777e-01
2.923833699955943333e-01
2.776413104126803644e-01
3.058968414744435149e-01
2.899263112321840419e-01
3.144963127483412224e-01
2.936117821782804338e-01
3.181817836944377254e-01
2.985257825060818604e-01
2.936117821782804338e-01
2.518427795148179271e-01
2.604423093882253237e-01
2.309582489447569165e-01
2.321867783264620622e-01
2.518427795148179271e-01
