3.118345772616096245e-01
3.077395965420866020e-01
3.224816169562857993e-01
3.263718623734528923e-01
3.271908624076114158e-01
3.251433720171374442e-01
3.253480878886985672e-01
3.394758631861651277e-01
3.452088635481251333e-01
3.536036189504616623e-01
3.499181284711954665e-01
3.474611478404646125e-01
3.519656383743645089e-01
3.605651486941270356e-01
3.587223936674339697e-01
3.761261691629597670e-01
3.834971696137119412e-01
3.693694138494152956e-01
3.568796581943858293e-01
3.732596592256322565e-01
3.802211694361276595e-01
3.998771511527385858e-01
4.062244162055512753e-01
3.939394154269975079e-01
4.033579062682237648e-01
3.988534157343240349e-01
3.900491505585607643e-01
3.953726606393138110e-01
3.939394154269976744e-01
4.049959063774908885e-01
4.117526616705604048e-01
4.101146810739881299e-01
4.097051713005614992e-01
4.121621714644621570e-01
4.381654377261055000e-01
4.420557026354923758e-01
4.457412126479284864e-01
4.475839481005016718e-01
4.477887029769775373e-01
4.510647227286816996e-01
4.570024779671175708e-01
4.045864356294539554e-01
4.004914158231162591e-01
4.043816807325030793e-01
3.945536605846802214e-01
3.705979042057306327e-01
3.558558642174116105e-01
3.763308850345208900e-01
3.939394349396923567e-01
4.033579257809186136e-01
4.076576809510374377e-01
4.062243966928564820e-01
4.054053966382227814e-01
4.109337006617914678e-01
4.080671907039890578e-01
4.058149259038693057e-01
4.090909261224036642e-01
4.013104354109195970e-01
3.787879047315915737e-01
3.603603742844811997e-01
3.740786202548762041e-01
3.542178641286195528e-01
3.583128838940072836e-01
3.671171490902456203e-01
3.517608834569385667e-01
3.304668626056707081e-01
3.415233535152140121e-01
3.339475981675110172e-01
3.542178836208393355e-01
3.544226189846202968e-01
3.533988640330358866e-01
3.415233730483839270e-01
3.390663533513132433e-01
3.429566182607001745e-01
3.386568435778865571e-01
3.259623330259062701e-01
3.331285981333524382e-01
3.245290683008951738e-01
3.347665982221445513e-01
3.378378435232529675e-01
3.460278440491137975e-01
3.548321287785219380e-01
3.554463739566797176e-01
3.615888841125415865e-01
3.796068852325802379e-01
3.705979041852556777e-01
3.937346605095716767e-01
4.060196808212952480e-01
4.117526812037302641e-01
4.262899467414535404e-01
4.238329465775528271e-01
4.205569463999685453e-01
4.193284365514333700e-01
4.150286814017895565e-01
4.150286814017896120e-01
4.092956615066596915e-01
4.013104158982247482e-01
3.896396602773538054e-01
3.882064150650375023e-01
3.820639049296508105e-01
3.853399051277101584e-01
3.920966604207796191e-01
3.998771511527385858e-01
3.943489056877294563e-01
3.849303758211135573e-01
3.748976398222047535e-01
3.599508644905796140e-01
3.658886197085404191e-01
3.779689046564829180e-01
3.603603937767010934e-01
3.527846384085230880e-01
3.439803731918096297e-01
3.454136184246010544e-01
3.323095980787187376e-01
3.181818422734722929e-01
3.282145978260259667e-01
3.435708634388579541e-01
3.546273934352159873e-01
3.527846384289980430e-01
3.593366193124218344e-01
3.437756183153337641e-01
3.452088635276501782e-01
3.507371089721842972e-01
3.681409040418300305e-01
3.675266197973325877e-01
3.697789041306220881e-01
3.849304148669783210e-01
3.679361686575740031e-01
3.839066794280885930e-01
3.820639244218707042e-01
3.708026590822066093e-01
3.658886392417102784e-01
3.699836590275730752e-01
3.411138828286021663e-01
3.429566182402252195e-01
3.196151070189582888e-01
3.206388424578479612e-01
3.134725675838168635e-01
3.177723325205205618e-01
3.024160864408584337e-01
3.081491063155132881e-01
3.263718623529778262e-01
3.208435973343238268e-01
3.202293717507609938e-01
3.126536163621078113e-01
3.228911072784426683e-01
3.280098429290751461e-01
3.290336173933544051e-01
3.278051075857691399e-01
3.374283337703014585e-01
3.347665982630946835e-01
3.278051075652941293e-01
3.239148426559072536e-01
3.112203516370967704e-01
3.206388619910177096e-01
3.056920866593927921e-01
3.212531266818703379e-01
3.032350962416018869e-01
2.970925763191551994e-01
2.970925763191552549e-01
2.929975565332925136e-01
2.934070565606092806e-01
2.889025660471845058e-01
2.909500662042435182e-01
2.856265560825403393e-01
2.682228001201843459e-01
2.743652907224012893e-01
2.907453210329275506e-01
2.878788208826600914e-01
2.717035454486095847e-01
2.788698007689958680e-01
2.620802801977377139e-01
2.588042799792033555e-01
2.502047696799158394e-01
2.471335243788074509e-01
2.522522795830847708e-01
2.528665247612424949e-01
2.805078106448479214e-01
2.729320455100849308e-01
2.886978306629284785e-01
2.921785857579386469e-01
2.884930855325625321e-01
2.874693012812233328e-01
2.997543118468369294e-01
2.874693013016983989e-01
2.952498115668273360e-01
2.944308017456088167e-01
2.860360463432722322e-01
2.588042799792033555e-01
2.532760345141941705e-01
2.407862690721047638e-01
2.469287792484414767e-01
2.512285246519753157e-01
