8.540937423706054243e-01
8.992968678474426714e-01
9.130624890327453391e-01
9.214218616485595481e-01
9.250156164169311968e-01
9.141406178474426047e-01
9.092656254768372026e-01
9.232031226158141646e-01
9.272656202316283958e-01
9.238906145095825417e-01
9.268749952316284180e-01
9.446874976158141646e-01
9.594531059265136719e-01
9.695312261581421343e-01
9.685937285423278365e-01
9.632187247276305930e-01
9.468281030654907005e-01
9.487812280654907005e-01
9.378124833106994407e-01
9.313593626022338423e-01
9.293749809265137163e-01
9.278437376022339311e-01
9.011406302452087402e-01
8.520156264305114302e-01
8.502343773841858354e-01
8.518750071525573730e-01
8.640937566757201926e-01
8.556718707084656206e-01
8.673749923706054465e-01
8.704687476158141646e-01
8.611406326293945535e-01
8.599687457084655984e-01
8.633593678474426047e-01
8.651562452316283736e-01
8.409843683242798074e-01
8.497031211853027788e-01
8.200468659400940163e-01
8.271406173706055132e-01
8.143593668937683105e-01
8.310312390327453391e-01
8.420781254768371360e-01
8.357500076293945535e-01
8.435937523841857688e-01
8.389843702316284180e-01
8.153281211853027344e-01
8.062031149864197221e-01
8.092343688011169878e-01
8.139843583106994851e-01
8.234374880790710227e-01
8.296093583106994851e-01
8.327656149864196555e-01
8.325468778610229936e-01
8.115937471389770286e-01
7.790781259536743164e-01
8.001249909400940385e-01
8.075468540191650391e-01
8.116874694824218750e-01
8.068593621253967729e-01
8.070312499999999778e-01
8.076406359672546609e-01
8.153437376022338867e-01
7.984374880790710005e-01
7.977968692779541238e-01
8.083124876022338423e-01
8.185155987739562988e-01
8.259999871253966841e-01
8.319374918937683105e-01
8.478906393051147683e-01
8.465312719345092773e-01
8.234062671661377397e-01
8.381250023841857466e-01
8.547343850135803445e-01
8.580468773841858354e-01
8.557187438011168990e-01
8.518906354904174361e-01
8.452499985694885698e-01
8.321718692779540572e-01
8.379843711853027788e-01
8.450156211853027122e-01
8.165781259536742942e-01
7.734375119209289107e-01
7.694687604904174583e-01
7.449375152587890403e-01
7.494687557220458540e-01
6.759687483310699019e-01
6.798749923706054465e-01
6.902656197547912820e-01
6.739531159400939941e-01
6.745624840259552002e-01
6.792812407016753928e-01
6.769531130790710227e-01
6.751562476158141646e-01
6.869374930858611616e-01
6.882343888282775879e-01
6.831250011920928511e-01
6.796406149864196999e-01
6.886874854564666304e-01
6.829843640327453169e-01
6.814218640327454057e-01
6.745781242847442849e-01
6.749531209468841997e-01
6.795624971389770952e-01
6.838124871253967729e-01
6.853906214237213135e-01
6.971718847751617876e-01
7.091562569141387495e-01
7.278906226158141646e-01
7.248906254768371360e-01
7.322656273841857688e-01
7.403437495231628418e-01
7.477031230926514116e-01
7.453437447547912598e-01
7.563749909400939719e-01
7.549999952316284180e-01
7.434531331062317339e-01
7.303437590599060059e-01
7.308437526226043701e-01
7.262031316757202593e-01
7.212031185626983643e-01
7.243749976158142534e-01
7.071406185626983865e-01
6.797343730926513894e-01
6.836093664169311523e-01
6.752187311649322510e-01
6.783437311649322954e-01
6.647187411785125954e-01
6.759062588214874712e-01
6.569062530994415061e-01
6.537343800067901833e-01
6.449218749999999778e-01
6.664375007152557595e-01
6.865781307220458762e-01
6.822812557220458984e-01
6.694687485694885698e-01
6.705781280994415061e-01
6.807343780994414839e-01
6.820156276226043701e-01
6.902343690395355003e-01
6.927343606948852539e-01
6.945625007152557151e-01
6.969062507152556929e-01
7.223281264305114746e-01
7.262343764305114746e-01
7.210312604904174361e-01
7.170000076293945312e-01
6.769062519073486550e-01
6.786406338214874268e-01
7.394843816757201704e-01
7.479531168937683105e-01
7.540781140327453835e-01
7.611249923706054910e-01
7.617031216621399370e-01
7.697968721389770730e-01
8.002968788146972434e-01
7.754531264305114524e-01
7.745156168937683550e-01
7.826718688011169434e-01
7.829218745231628640e-01
7.855937480926513672e-01
7.879374980926513450e-01
7.841718673706055132e-01
7.819374918937682661e-01
7.544687509536742720e-01
7.367343664169311301e-01
7.271249949932098167e-01
7.237968742847442627e-01
7.172343671321869119e-01
7.279218673706054910e-01
7.172343671321869119e-01
7.172343671321869119e-01
7.172343671321869119e-01
7.181093752384185569e-01
7.249374985694885254e-01
7.319218635559081587e-01
7.298906087875366433e-01
7.244531154632568581e-01
7.382968783378600630e-01
7.603437542915344460e-01
7.641718864440918413e-01
7.585312485694885032e-01
7.652031302452086958e-01
7.650625109672546387e-01
7.523593783378601518e-01
7.503281235694885254e-01
7.546406269073486772e-01
7.587187528610229714e-01
7.587187528610229714e-01
7.583281397819519043e-01
7.606093883514404297e-01
7.729062676429748757e-01
7.970625042915344682e-01
8.031249999999999778e-01
8.115000009536743608e-01
8.292812466621398704e-01
8.321562528610229048e-01
8.161093831062317117e-01
8.074843764305115190e-01
8.107343792915344682e-01
8.101406216621398482e-01
8.004687428474426270e-01
7.931093692779540572e-01
8.008124947547912154e-01
8.118437290191650169e-01
8.104999899864196999e-01
7.948750019073486106e-01
7.900781273841858132e-01
7.728125095367431863e-01
7.760312438011169878e-01
7.657187461853027788e-01
7.625000119209289773e-01
7.667343854904175027e-01
7.777031302452087624e-01
7.930937528610229048e-01
8.051249980926513672e-01
8.402187466621399148e-01
8.519999980926513672e-01
8.518906354904174361e-01
8.725468873977660911e-01
8.841875076293945757e-01
8.694062352180480513e-01
8.499531269073485884e-01
8.389062643051147239e-01
8.123125195503234641e-01
7.863125085830688921e-01
8.037812352180481179e-01
7.902187466621398704e-01
7.743437528610229714e-01
7.523906111717224565e-01
7.439218640327454057e-01
6.915000021457672341e-01
7.017500102519989014e-01
6.761562526226043701e-01
6.452968657016754372e-01
6.422656178474426270e-01
5.389687478542327659e-01
4.884687542915344127e-01
4.601875007152557151e-01
4.457656264305114857e-01
4.476093828678130992e-01
4.448437571525573619e-01
4.507812500000000222e-01
4.756562530994415394e-01
5.264375030994414839e-01
5.526718735694885476e-01
5.714531242847442627e-01
