8.542788395514855360e-01
9.012620173967801351e-01
9.028124992664043891e-01
9.105889338713425429e-01
9.234254726996788953e-01
9.128725895514855360e-01
9.108173113602858750e-01
9.260817215992853679e-01
9.292067197652963406e-01
9.358773965101975234e-01
9.310216261790349446e-01
9.507211446762084961e-01
9.575480589499840711e-01
9.716105552820059055e-01
9.715143992350652180e-01
9.670312221233661187e-01
9.519711274367111953e-01
9.437379561937772054e-01
9.288341173758873914e-01
9.161057563928457492e-01
9.145312400964590305e-01
9.161177873611450195e-01
8.909134681408221734e-01
8.503966331481933594e-01
8.492187536679781656e-01
8.588581818800705703e-01
8.598557802347036594e-01
8.581249988996065836e-01
8.650360565919142930e-01
8.648437444980328070e-01
8.606370228987473281e-01
8.599399053133450765e-01
8.644230732550988172e-01
8.605649104485144640e-01
8.519471150178176133e-01
8.571995221651517172e-01
8.259495129952063586e-01
8.240024034793560492e-01
8.223677873611450195e-01
8.273677825927734375e-01
8.416706782120925157e-01
8.406851108257586969e-01
8.417548124606792914e-01
8.381370214315561062e-01
8.220072159400353407e-01
8.130408525466918945e-01
8.112259461329534016e-01
8.203605688535250406e-01
8.263221062146700602e-01
8.263221062146700602e-01
8.310817204988919515e-01
8.257932662963867188e-01
8.103605783902682047e-01
7.845673102598923476e-01
7.941345985119159234e-01
8.101802697548499133e-01
8.136538267135620117e-01
8.094711395410391086e-01
8.038701919408944851e-01
8.125240435967078234e-01
8.107812404632568359e-01
8.081610477887667399e-01
7.969350906518789524e-01
8.094230706875140680e-01
8.167908466779268961e-01
8.284855622511643203e-01
8.313822104380681477e-01
8.459495306015014648e-01
8.479327055124136203e-01
8.327884857471172797e-01
8.368749985328087782e-01
8.503846205197848063e-01
8.569591320477999430e-01
8.574759593376746203e-01
8.486778919513409125e-01
8.494831690421471571e-01
8.384495148291954969e-01
8.352043261894812609e-01
8.426802891951340468e-01
8.225600902850811469e-01
7.748918349926288140e-01
7.723437639383169406e-01
7.575841500208928547e-01
7.614302910291231852e-01
6.756610595262967367e-01
6.858894183085515461e-01
6.849278807640075684e-01
6.698918159191424859e-01
6.749278765458327500e-01
6.732091261790349446e-01
6.801682618948129422e-01
6.758653796636141520e-01
6.846153873663681777e-01
6.862019300460815430e-01
6.830889445084792344e-01
6.805769159243657551e-01
6.872235490725591145e-01
6.809975825823270101e-01
6.828004717826843262e-01
6.760937525675847493e-01
6.705048084259033203e-01
6.793870192307692735e-01
6.875841250786414172e-01
6.884615375445439778e-01
6.984254901225750434e-01
7.085817364545968777e-01
7.209134652064397297e-01
7.216706734437209336e-01
7.244831736271197808e-01
7.364783653846154188e-01
7.396634633724505914e-01
7.396634633724505914e-01
7.483894183085515461e-01
7.473317293020395047e-01
7.456129789352416992e-01
7.349038490882287000e-01
7.327043230716998590e-01
7.321514441416814289e-01
7.244711518287658691e-01
7.233653802138108047e-01
7.055648932090172742e-01
6.776442298522362684e-01
6.755047990725591145e-01
6.796874862450820176e-01
6.845552783745986192e-01
6.682211481607877035e-01
6.736899109987112277e-01
6.607451989100530110e-01
6.561177923129155598e-01
6.485456778452947102e-01
6.691826902903043051e-01
6.874278921347397597e-01
6.803125051351693875e-01
6.760697181408221734e-01
6.706129816862252957e-01
6.748798076923077094e-01
6.799639463424682617e-01
6.880168227049020535e-01
6.937499871620764758e-01
6.986418274732736355e-01
6.983173076923077094e-01
7.175841377331659832e-01
7.266225998218243110e-01
7.192908663016098769e-01
7.147475985380319363e-01
6.796634609882648004e-01
6.800240507492651965e-01
7.280769210595351426e-01
7.425600932194635906e-01
7.548197049361008437e-01
7.581730622511643203e-01
7.612139445084792344e-01
7.637139375393207086e-01
8.001923102598923476e-01
7.724038454202505344e-01
7.703245144623976914e-01
7.786418199539184570e-01
7.846754789352416992e-01
7.846754789352416992e-01
7.879447111716637586e-01
7.868509567700899821e-01
7.797355743554922336e-01
7.628124952316284180e-01
7.324999983494098199e-01
7.324999983494098199e-01
7.276201844215393066e-01
7.274639377227196668e-01
7.275480719713064426e-01
7.241706710595351426e-01
7.241706710595351426e-01
7.180769214263329481e-01
7.218990371777460613e-01
7.257091311308053738e-01
7.327163402850811469e-01
7.319951791029709609e-01
7.315745078600369711e-01
7.443028871829693305e-01
7.616586593481210476e-01
7.629567293020395047e-01
7.631971194193913899e-01
7.696033624502328641e-01
7.670192351708045031e-01
7.609975979878351726e-01
7.574879848040066976e-01
7.539182717983539117e-01
7.621394212429339898e-01
7.635697126388549805e-01
7.592668349926288140e-01
7.658413556905893094e-01
7.708894381156334852e-01
7.884976038566002821e-01
8.069230776566725938e-01
8.154807732655451336e-01
8.223557655627911078e-01
8.243990402955275743e-01
8.149879804024329211e-01
8.153365391951340468e-01
8.104567252672635336e-01
8.081370133620041640e-01
8.023557571264413601e-01
7.983533602494460313e-01
7.953725961538461453e-01
8.102644131733820476e-01
8.087019095054039930e-01
7.949519249109121555e-01
7.914783679522000570e-01
7.721634644728440078e-01
7.670432604276217203e-01
7.687980761894812609e-01
7.648918353594266195e-01
7.691466441521277453e-01
7.802043327918419813e-01
7.936658675854022515e-01
8.022956756445077664e-01
8.404807677635779406e-01
8.455048065919142930e-01
8.568750069691584148e-01
8.814543302242572320e-01
8.786177910291231852e-01
8.634615311255822157e-01
8.511298069587120985e-01
8.432211600817166586e-01
8.142908811569213867e-01
7.970312466988196398e-01
8.002764353385338758e-01
7.872956807796771539e-01
7.754086622825036024e-01
7.501562375288742812e-01
7.461177844267624648e-01
7.004086650334871988e-01
6.964423152116628879e-01
6.884735593428978895e-01
6.450961461433997179e-01
6.451682631786053168e-01
5.558293232550988172e-01
4.897716366327725668e-01
4.655769238105186836e-01
4.539663470708407145e-01
4.460096221703749308e-01
4.512740465310903781e-01
4.551923091594989312e-01
4.821274051299461738e-01
5.217187496332021945e-01
5.579206714263329481e-01
5.640504772846515191e-01
