8.582154575147127318e-01
8.899013180481759600e-01
8.983388135307713851e-01
9.038569111573068193e-01
9.078536096372102904e-01
8.987993378388253740e-01
9.017763137817382812e-01
9.187417657751786315e-01
9.399013017353258226e-01
9.441529449663663698e-01
9.378782761724371309e-01
9.377302496056807435e-01
9.607154444644325775e-01
9.676644551126580840e-01
9.681414303026700807e-01
9.655509685215196702e-01
9.555016254123888109e-01
9.477549163918745911e-01
9.279440578661466432e-01
9.279440578661466432e-01
9.290049264305516585e-01
9.214227011329249040e-01
8.883223659113833603e-01
8.544079002581144167e-01
8.504440847196077513e-01
8.591118486304032409e-01
8.599013278358861312e-01
8.577055993833040404e-01
8.612746690448961351e-01
8.640789483722887132e-01
8.558717150437203935e-01
8.581743428581639632e-01
8.614638165423744720e-01
8.544078939839413467e-01
8.542516419762059554e-01
8.559457251900121078e-01
8.235032872149818939e-01
8.243832211745413252e-01
8.267105253119217956e-01
8.217763147856059769e-01
8.411101981213218171e-01
8.407812557722392777e-01
8.357565842176738480e-01
8.343421095295956436e-01
8.210032864620810944e-01
8.092022946006373063e-01
8.162253153951544160e-01
8.211513067546644118e-01
8.239884752976266435e-01
8.248026245518734756e-01
8.262746710526315264e-01
8.244654630359850023e-01
8.125411209307218385e-01
7.951151320808812484e-01
8.025246607629876738e-01
8.078865063817877168e-01
8.092763047469290205e-01
8.101891341962312865e-01
8.072861809479562334e-01
8.151069063889352373e-01
8.103782816937095124e-01
8.085772991180419922e-01
8.006743380897923812e-01
8.069572323247006240e-01
8.162335408361334199e-01
8.233059017281783021e-01
8.333881591495714281e-01
8.406414546464618942e-01
8.372944216979177900e-01
8.317516540226183031e-01
8.383223696758872467e-01
8.490871692958631423e-01
8.606332226803428131e-01
8.541611809479562334e-01
8.548848754481265244e-01
8.441529524953741426e-01
8.395559160332930482e-01
8.409621715545654297e-01
8.415460523806119753e-01
8.237335493690088883e-01
7.861430958697670501e-01
7.718174488920914733e-01
7.749753374802438310e-01
7.685690804531699616e-01
6.959868418542962676e-01
6.902795998673689759e-01
6.874259929907949873e-01
6.730016375842847731e-01
6.721052527427673340e-01
6.718338759321915710e-01
6.829934214290819261e-01
6.790378313315542647e-01
6.852631600279557311e-01
6.855838832102323366e-01
6.803042763157894912e-01
6.857401320808812484e-01
6.870559171626442474e-01
6.832894651513350404e-01
6.824177566327547240e-01
6.829358527534886703e-01
6.784046072708932451e-01
6.777220337014449036e-01
6.901809165352269515e-01
6.875904641653362015e-01
7.051973719345895342e-01
7.082483580237940446e-01
7.127055933600977555e-01
7.180345434891549639e-01
7.261842144163030977e-01
7.236266481248956328e-01
7.312828961171602415e-01
7.358305956188001540e-01
7.376726959881029222e-01
7.393832269467806029e-01
7.405509885988736940e-01
7.353700681736594635e-01
7.358223670407345596e-01
7.309457220529255173e-01
7.234950661659240723e-01
7.259539459881029222e-01
7.074917711709675094e-01
6.878125071525573730e-01
6.766200598917508913e-01
6.807401243009065794e-01
6.887664387100621566e-01
6.719983502438193756e-01
6.714144788290324906e-01
6.595148036354466781e-01
6.624095408540022767e-01
6.607401308260465456e-01
6.711348734403911331e-01
6.819161270794115159e-01
6.827302700594851670e-01
6.762006659256784014e-01
6.763075684246263597e-01
6.742763142836721846e-01
6.772779571382623320e-01
6.858799300695720413e-01
6.890460472357901045e-01
6.990707234332436126e-01
7.053124967374300169e-01
7.159868416033292604e-01
7.163815812060707611e-01
7.155756511186298630e-01
7.103289459881029222e-01
6.830345454968904662e-01
6.814802728201213577e-01
7.245805890936600768e-01
7.418009858382376143e-01
7.481743348272222871e-01
7.567763077585321074e-01
7.549177533701846299e-01
7.673930870859246856e-01
8.025740134088616973e-01
7.682401255557411712e-01
7.649259818227667207e-01
7.709786139036479691e-01
7.792269681629381273e-01
7.844325617740028900e-01
7.912335521296450791e-01
7.894243441129985550e-01
7.727467072637457246e-01
7.513651314534639525e-01
7.399835523806119753e-01
7.261101948587518340e-01
7.191776256812246748e-01
7.370230241825705964e-01
7.371628253083479798e-01
7.374095383443330931e-01
7.254194083966707396e-01
7.162417738061201966e-01
7.327138154130232728e-01
7.345230234296697969e-01
7.352631562634518447e-01
7.365460489925584886e-01
7.406661134017141768e-01
7.485937507529007995e-01
7.572697338305021120e-01
7.595970379678826934e-01
7.634703924781397477e-01
7.644407874659487900e-01
7.680098696758872467e-01
7.635197388498407012e-01
7.634703924781397477e-01
7.609210516277112868e-01
7.648355270686902907e-01
7.676069109063399232e-01
7.650740146636962891e-01
7.672779622830843138e-01
7.731003384841116377e-01
7.843009986375507614e-01
8.063157922343203721e-01
8.156496725584331253e-01
8.193750005019339033e-01
8.211842085185804274e-01
8.152713838376497435e-01
8.146052548759862288e-01
8.136348661623502565e-01
8.140131548831337494e-01
8.088815714183607009e-01
8.012499934748599228e-01
7.995723611430117783e-01
8.060855175319471266e-01
8.058470299369410172e-01
7.902631634160092178e-01
7.848848731894242370e-01
7.754276363473189271e-01
7.688404635379189056e-01
7.671299294421547454e-01
7.645888140327051774e-01
7.720888225655806458e-01
7.762335601605867552e-01
7.905016510110152161e-01
7.969161209307218385e-01
8.322532867130479906e-01
8.445641492542467210e-01
8.602056001362047288e-01
8.776562527606361908e-01
8.778042730532193971e-01
8.697203962426436341e-01
8.527878271905999785e-01
8.419243473755685381e-01
8.153700640327051774e-01
8.077713815789473450e-01
8.034703982503790254e-01
7.928618443639654512e-01
7.844983590276617402e-01
7.569654615301835143e-01
7.501315819589715606e-01
7.022039545209783906e-01
7.008059244406851240e-01
6.784539473684210176e-01
6.454440731751290850e-01
6.427138102682012910e-01
5.853042728022525010e-01
4.993174327047247840e-01
4.684868392191435249e-01
4.592434230603669731e-01
4.479605335938303123e-01
4.488240198085182708e-01
4.537088871002197266e-01
4.787828953642594421e-01
5.127796028789720628e-01
5.431332211745413252e-01
5.729687496235496003e-01
