8.574531197547912154e-01
8.885078132152557373e-01
8.994531214237213579e-01
9.030234396457672563e-01
9.061015546321868896e-01
8.957499980926513228e-01
9.058281242847442405e-01
9.182890534400940385e-01
9.424296736717223677e-01
9.440312325954437478e-01
9.405077993869781494e-01
9.401171743869781716e-01
9.543593585491180198e-01
9.657421708106994629e-01
9.655156075954437478e-01
9.655156075954437478e-01
9.558359205722808394e-01
9.486874818801880327e-01
9.289687275886535645e-01
9.295937299728393999e-01
9.289140522480010542e-01
9.188515663146972212e-01
8.860546827316284624e-01
8.554687559604644553e-01
8.550703167915344460e-01
8.584921956062316895e-01
8.588359475135802779e-01
8.584531307220458762e-01
8.619921863079070823e-01
8.636093735694885254e-01
8.562031269073486772e-01
8.589609384536742720e-01
8.613828122615814209e-01
8.531562507152556929e-01
8.552343726158142534e-01
8.551406264305114746e-01
8.251328110694885476e-01
8.250234365463257058e-01
8.270078122615813765e-01
8.228593766689300537e-01
8.428046882152557817e-01
8.407578170299530029e-01
8.338828146457671897e-01
8.344843804836272749e-01
8.215859353542327437e-01
8.097265541553497759e-01
8.174687385559081809e-01
8.209609270095825639e-01
8.224453032016754150e-01
8.234453082084656206e-01
8.258515596389770508e-01
8.252578139305114524e-01
8.134218752384185791e-01
7.951171875000000444e-01
8.005156159400940163e-01
8.087578058242798074e-01
8.084687411785125288e-01
8.093671798706054688e-01
8.075703084468841553e-01
8.149999976158142090e-01
8.100937426090240034e-01
8.092343688011169878e-01
8.006796836853027344e-01
8.072578072547912376e-01
8.142578005790710449e-01
8.219921708106994185e-01
8.312265634536742942e-01
8.397343814373016135e-01
8.361640751361847368e-01
8.318437576293945535e-01
8.395078122615814431e-01
8.486796855926513894e-01
8.602031230926513450e-01
8.542578101158142534e-01
8.581718802452087402e-01
8.446406185626983421e-01
8.395703077316284402e-01
8.418046891689300315e-01
8.418437480926513894e-01
8.236718714237213357e-01
7.869609415531158003e-01
7.723437637090683205e-01
7.787265717983246072e-01
7.702968776226043479e-01
6.994609355926513228e-01
6.901640564203261885e-01
6.861953169107437578e-01
6.747499912977218406e-01
6.715390533208847046e-01
6.717343688011169212e-01
6.825078129768371582e-01
6.771250009536743386e-01
6.853125005960464255e-01
6.849453151226043701e-01
6.820546865463257280e-01
6.859609365463257280e-01
6.861249953508377075e-01
6.830859303474425825e-01
6.827265560626983865e-01
6.839843749999999778e-01
6.789140641689300759e-01
6.778593689203262773e-01
6.917890608310699463e-01
6.890468806028365867e-01
7.044843792915344016e-01
7.070703148841858132e-01
7.148046910762786421e-01
7.160937547683715598e-01
7.231562525033951028e-01
7.232890635728835838e-01
7.305624991655349509e-01
7.323203146457671897e-01
7.397031217813492265e-01
7.413281261920928733e-01
7.424218773841857466e-01
7.366328150033950584e-01
7.344140619039535300e-01
7.276796847581863403e-01
7.254843741655350176e-01
7.285546869039535300e-01
7.080234318971634355e-01
6.880625039339065552e-01
6.768906205892563088e-01
6.825390577316283736e-01
6.895781189203262773e-01
6.724843710660934892e-01
6.699609428644179854e-01
6.617890655994415061e-01
6.633046895265579668e-01
6.620156228542327659e-01
6.718125045299530029e-01
6.832187563180923684e-01
6.823671936988831010e-01
6.790234446525573730e-01
6.777421921491623147e-01
6.757578134536743608e-01
6.772734344005584273e-01
6.858203083276748213e-01
6.880312442779541460e-01
6.995000004768371360e-01
7.042812466621398704e-01
7.145859360694885032e-01
7.158906280994414839e-01
7.157187461853027344e-01
7.079999983310699685e-01
6.836875081062316895e-01
6.812656342983245406e-01
7.239921867847443071e-01
7.411328136920929399e-01
7.487578034400940163e-01
7.557031154632568581e-01
7.553359270095825195e-01
7.683437466621398926e-01
8.011171877384185569e-01
7.662499964237212691e-01
7.662499964237212691e-01
7.687968730926513228e-01
7.815624952316284624e-01
7.848671853542328325e-01
7.909921884536743608e-01
7.877343773841858354e-01
7.737656235694885254e-01
7.521953135728836060e-01
7.418984353542328325e-01
7.226874977350234985e-01
7.209999948740005715e-01
7.331093728542328325e-01
7.332421839237213135e-01
7.387031227350234763e-01
7.241796851158142090e-01
7.133671849966048972e-01
7.325000017881393433e-01
7.365703076124191506e-01
7.368593722581863181e-01
7.380781203508377519e-01
7.419921815395355003e-01
7.500625014305114524e-01
7.557578086853027344e-01
7.604609370231628640e-01
7.649843752384185569e-01
7.633125007152556929e-01
7.680078148841857910e-01
7.650234401226043701e-01
7.631718754768371804e-01
7.597890615463256392e-01
7.640703141689300093e-01
7.687968790531158891e-01
7.663906276226043479e-01
7.666015625000000000e-01
7.742031335830688032e-01
7.832656383514404741e-01
8.055078148841857688e-01
8.156015634536742942e-01
8.196718752384185569e-01
8.224140584468841997e-01
8.173046886920929399e-01
8.163124918937683105e-01
8.150078117847442405e-01
8.136171817779540572e-01
8.075546801090240923e-01
8.006953060626983421e-01
7.994765579700470193e-01
8.061796784400939719e-01
8.055937409400939497e-01
7.895937561988830566e-01
7.837343811988830566e-01
7.723125040531158003e-01
7.660546898841857910e-01
7.672890603542328325e-01
7.659999966621399148e-01
7.723281323909759744e-01
7.759843826293945090e-01
7.881171941757202370e-01
7.982265651226043701e-01
8.306796848773956299e-01
8.459687530994415283e-01
8.576640725135803445e-01
8.747109413146972878e-01
8.754921853542327881e-01
8.694218754768371360e-01
8.533359348773956743e-01
8.415312528610229270e-01
8.134765625000000000e-01
8.070234358310699463e-01
8.033125042915344460e-01
7.922734379768371360e-01
7.848046898841858354e-01
7.588828146457672341e-01
7.508984386920929399e-01
7.017890721559524314e-01
6.993203163146972656e-01
6.795312523841857688e-01
6.471953064203261885e-01
6.418437451124191506e-01
5.832031220197677612e-01
5.067578107118606567e-01
4.686015605926513450e-01
4.610234379768371471e-01
4.493828207254410012e-01
4.472578197717666515e-01
4.533750057220459206e-01
4.768828123807907216e-01
5.115156233310699241e-01
5.405312478542327881e-01
5.688203126192092896e-01
