8.585468649864196333e-01
8.952656149864196555e-01
9.254374742507934792e-01
9.254374742507934792e-01
9.275312304496765581e-01
9.040781140327454057e-01
8.924843788146972212e-01
9.142656326293945312e-01
9.253906250000000222e-01
9.253906250000000222e-01
9.251562476158141646e-01
9.484218716621398704e-01
9.552031040191650835e-01
9.681874871253967063e-01
9.632187247276305930e-01
9.611874699592590776e-01
9.499374747276305708e-01
9.524687290191650169e-01
9.407187342643738015e-01
9.259999871253967729e-01
9.129687428474426714e-01
9.156874895095825639e-01
8.751562595367431419e-01
8.445937752723693404e-01
8.493281483650207964e-01
8.657656431198119673e-01
8.640937685966492143e-01
8.463281273841858354e-01
8.655937433242797407e-01
8.677968740463256614e-01
8.654062509536742942e-01
8.636250019073485884e-01
8.678281188011169878e-01
8.638437390327453613e-01
8.431093692779541016e-01
8.456874966621399370e-01
8.127031207084656206e-01
8.040781140327453169e-01
8.183281183242797630e-01
8.074531197547912820e-01
8.215312480926513228e-01
8.360468745231628418e-01
8.414531230926514116e-01
8.397343754768371582e-01
8.278125047683715376e-01
8.045937418937683105e-01
8.021562337875366433e-01
8.104999780654906782e-01
8.246718645095825195e-01
8.255781173706054910e-01
8.271875023841858132e-01
8.271875023841858132e-01
8.191875100135803667e-01
8.065156340599060059e-01
8.018749952316284180e-01
8.046562314033508523e-01
8.116406083106995073e-01
8.036406278610229714e-01
8.095312595367432085e-01
8.043437600135803223e-01
8.067187547683716264e-01
8.059999942779541016e-01
8.012812495231628196e-01
8.113906025886535867e-01
8.207812190055847612e-01
8.256562352180480957e-01
8.266875028610229936e-01
8.459062695503234419e-01
8.474531531333923118e-01
8.274062633514404075e-01
8.353593826293945757e-01
8.607812523841857910e-01
8.668906211853026900e-01
8.536718726158142312e-01
8.503124952316284402e-01
8.453125000000000222e-01
8.319062471389770952e-01
8.391406178474426492e-01
8.456718683242797630e-01
8.091562390327453613e-01
7.720312476158142090e-01
7.387968897819519043e-01
7.307187557220459206e-01
7.310937523841858354e-01
6.782812535762786643e-01
6.700156271457672341e-01
6.775312423706054688e-01
6.704687416553497536e-01
6.696093678474426270e-01
6.754999876022338423e-01
6.846249938011169656e-01
6.800624966621399148e-01
6.933437466621399370e-01
6.875156462192535400e-01
6.807187497615814209e-01
6.817343711853027788e-01
6.867499887943268044e-01
6.821562409400939719e-01
6.887187361717224121e-01
6.806562423706055132e-01
6.699843764305114524e-01
6.798906207084656206e-01
6.882031142711639848e-01
6.932500004768371582e-01
7.003906309604644997e-01
7.099218726158141868e-01
7.194531321525573508e-01
7.283281207084655318e-01
7.358749985694885698e-01
7.415781259536743386e-01
7.424999952316284624e-01
7.401250004768371582e-01
7.546562433242798296e-01
7.411249995231627974e-01
7.383593797683716264e-01
7.147968828678130659e-01
7.222656309604644775e-01
7.238593816757201704e-01
7.139375030994414839e-01
7.243749976158142534e-01
6.974843740463256836e-01
6.740312457084656206e-01
6.767031192779541238e-01
6.863749861717224343e-01
6.843905985355377419e-01
6.750156283378601074e-01
6.707187533378601296e-01
6.551874995231627974e-01
6.540468752384185347e-01
6.568749964237212691e-01
6.660624980926513894e-01
6.842812597751617432e-01
6.811718881130218728e-01
6.812343835830688699e-01
6.795000016689300981e-01
6.774843752384185347e-01
6.820156276226043701e-01
6.926406085491180198e-01
6.998749852180481401e-01
7.025937438011169434e-01
7.051718831062316895e-01
7.103906273841857910e-01
7.110312461853027788e-01
7.215312480926513450e-01
7.150156259536742942e-01
6.660468757152557817e-01
6.723593831062316672e-01
6.890937566757202593e-01
7.573593854904174805e-01
7.739062428474425825e-01
7.718281269073485884e-01
7.749218702316283958e-01
7.819375038146972878e-01
7.939062595367432085e-01
7.855937480926513672e-01
7.826718688011169434e-01
7.836718678474425825e-01
7.829218745231628640e-01
7.829218745231628640e-01
7.879374980926513450e-01
7.841718673706055132e-01
7.790156245231628640e-01
7.784687519073486550e-01
7.299843728542327881e-01
7.237968742847442627e-01
7.172343671321869119e-01
7.172343671321869119e-01
7.279218673706054910e-01
7.189374864101409912e-01
7.189374864101409912e-01
7.172343671321869119e-01
7.181093752384185569e-01
7.249374985694885254e-01
7.321718692779540794e-01
7.320312380790710005e-01
7.316562414169311968e-01
7.523750066757202148e-01
7.594375014305114746e-01
7.580781221389770730e-01
7.575000047683715376e-01
7.622968792915344460e-01
7.652031302452086958e-01
7.523593783378601518e-01
7.464218735694885254e-01
7.546406269073486772e-01
7.587187528610229714e-01
7.607500076293944868e-01
7.583593845367431197e-01
7.614218831062317117e-01
7.791093826293945535e-01
7.908437609672546165e-01
8.075937509536743608e-01
8.224375009536742942e-01
8.194531202316284180e-01
8.252499938011169656e-01
8.197343707084655540e-01
8.132343769073486772e-01
8.044531226158142534e-01
8.044531226158142534e-01
7.995312452316284402e-01
7.935000061988830566e-01
7.985781311988831010e-01
8.123593568801880105e-01
8.130156040191650613e-01
7.978749871253967285e-01
7.967500090599060059e-01
7.772656440734863059e-01
7.701406359672546831e-01
7.585000038146972878e-01
7.607656240463256392e-01
7.690625071525574175e-01
7.866250038146972434e-01
7.983593821525574175e-01
8.018437504768372026e-01
8.099531292915344016e-01
8.252343773841858132e-01
8.553125023841857688e-01
8.686874985694885698e-01
8.775000095367431197e-01
8.566093683242798074e-01
8.504531264305115190e-01
8.297187685966491699e-01
8.224843740463256836e-01
7.875312566757202148e-01
7.999374985694884810e-01
7.906406283378600852e-01
7.759531378746032937e-01
7.620468854904174361e-01
7.463906288146973100e-01
7.181874930858611616e-01
6.909843862056732622e-01
6.841875016689300537e-01
6.705624878406524214e-01
6.476874887943268044e-01
5.949531197547912598e-01
5.117031276226043923e-01
4.709687530994415283e-01
4.366406261920928733e-01
4.374687492847442738e-01
4.444843769073486550e-01
4.438906252384186013e-01
4.615781307220458984e-01
5.118281304836272971e-01
5.634999990463256392e-01
5.800000011920929399e-01
