8.610753662445965739e-01
8.981249963535982150e-01
9.064338207244873047e-01
9.099264635759241049e-01
9.160385973313275310e-01
9.107536638484281521e-01
8.951562432681813286e-01
9.193841850056367893e-01
9.306341830421896999e-01
9.367463097852819498e-01
9.398988835951861409e-01
9.474907973233390734e-01
9.614154240664314344e-01
9.704319659401389186e-01
9.709466695785522461e-01
9.709466695785522461e-01
9.522334337234497070e-01
9.401102767271154459e-01
9.315532866646262233e-01
9.224356483010685004e-01
9.205514613319846218e-01
9.136029411764705621e-01
8.846323630389045789e-01
8.563327368567971165e-01
8.560110470827888562e-01
8.629136085510253906e-01
8.611029526766609266e-01
8.547702256370993679e-01
8.618566148421343831e-01
8.610386006972369222e-01
8.605974281535428982e-01
8.589889722711899767e-01
8.641176434124216987e-01
8.589062410242417345e-01
8.549908048966351481e-01
8.569944816477158556e-01
8.221047695945290501e-01
8.140441109152400934e-01
8.163327189052805855e-01
8.123713170780855197e-01
8.294393385157865506e-01
8.314797808142269098e-01
8.370772039189058322e-01
8.406066193300134604e-01
8.219761006972369222e-01
8.087040326174568250e-01
8.095680054496315892e-01
8.106709438211777696e-01
8.275459443821626682e-01
8.271047718384686442e-01
8.290165382273056993e-01
8.301746354383581217e-01
8.215533074210671360e-01
7.997518357108620579e-01
8.005974152508903430e-01
8.062040385077980931e-01
8.069393284180584880e-01
8.066084455041324652e-01
8.120220548966351481e-01
8.151286770315731012e-01
8.102757299647611600e-01
8.060202177833107884e-01
8.029411750681260118e-01
8.078400667975930149e-01
8.233088044559254692e-01
8.243198394775390625e-01
8.336121334749109213e-01
8.408639851738425319e-01
8.487500162685618355e-01
8.309191325131584094e-01
8.427573582705329969e-01
8.518106727039113091e-01
8.534191145616418783e-01
8.587408065795898438e-01
8.566360333386588977e-01
8.451746351578656169e-01
8.386121287065393393e-01
8.355698515387142145e-01
8.431709584067849095e-01
8.214613830342012424e-01
7.785937470548293104e-01
7.622242745231179173e-01
7.584007417454439182e-01
7.517187560305875760e-01
6.841360260458553277e-01
6.696966851458829861e-01
6.772058781455544407e-01
6.661948456483728354e-01
6.704871233771828587e-01
6.723345483050626736e-01
6.837499983170453044e-01
6.820036803974824924e-01
6.884191176470588758e-01
6.872978000079884575e-01
6.813327249358681614e-01
6.792922721189611490e-01
6.868382306659922554e-01
6.822426424306982096e-01
6.838051396257737169e-01
6.820588182000553168e-01
6.764522054616142199e-01
6.761029397740083713e-01
6.841727845809039144e-01
6.920496330541723307e-01
7.081341848653905924e-01
7.120588246513815944e-01
7.178768410402185385e-01
7.202022075653076172e-01
7.245496336151572292e-01
7.322150749318739882e-01
7.387591951033648519e-01
7.357536764705882026e-01
7.418749963535982150e-01
7.387132364160874376e-01
7.429227969225715711e-01
7.321599266108345105e-01
7.330974235254175131e-01
7.276746280053082438e-01
7.249080889365252522e-01
7.219117634436663655e-01
6.965900659561157227e-01
6.745220562990974500e-01
6.774264644174015082e-01
6.817738834549399440e-01
6.848713124499601346e-01
6.768106607829823540e-01
6.693933816517100288e-01
6.587959563030916232e-01
6.598529394935158665e-01
6.599080913207110433e-01
6.709283099454992350e-01
6.814430215779472277e-01
6.829687602379742595e-01
6.824724358670851698e-01
6.730422798325034206e-01
6.750827221309437798e-01
6.819393389365252522e-01
6.921139639966628065e-01
6.942371165051179904e-01
7.020312442499048178e-01
7.023805134436663655e-01
7.097518373938167535e-01
7.110110310947194145e-01
7.143749980365529106e-01
7.048345593845143364e-01
6.769485403509700738e-01
6.740349285742815999e-01
6.961948556058547011e-01
7.503216967863195475e-01
7.534099256291109104e-01
7.573988928514368002e-01
7.661488967783310899e-01
7.805147100897396051e-01
7.863970644333783122e-01
7.795036750681260118e-01
7.689797738019157336e-01
7.856433812309714382e-01
7.853492638644050672e-01
7.853492638644050672e-01
7.897242658278521565e-01
7.846231600817512586e-01
7.809099239461562147e-01
7.613511015387142145e-01
7.462775742306428928e-01
7.284283006892484646e-01
7.237591883715461805e-01
7.281341903349932698e-01
7.343933827736798259e-01
7.332260994350209282e-01
7.184007378185496284e-01
7.115073554656085042e-01
7.247977887882905979e-01
7.322794093805200522e-01
7.331525753526126898e-01
7.305238913087284125e-01
7.369669044719022732e-01
7.447150665171006212e-01
7.619209570043227187e-01
7.623345571405747423e-01
7.642922822166892116e-01
7.672058834749109213e-01
7.687775738099041911e-01
7.582261071485631998e-01
7.580698518192067192e-01
7.569209547603831245e-01
7.632904403349932698e-01
7.654779448228723471e-01
7.626194883795345270e-01
7.666636074290555936e-01
7.723621410482069960e-01
7.893198658438289605e-01
8.137224281535428982e-01
8.158823532216689101e-01
8.166268362718469564e-01
8.202941137201645860e-01
8.205055138644050672e-01
8.167922777288100233e-01
8.136856626061832465e-01
8.123897033579209337e-01
8.073253631591796875e-01
7.994301529491648628e-01
7.994577183442956869e-01
8.057536728241864177e-01
8.025643334669225748e-01
8.010294086792889567e-01
7.936397159800809842e-01
7.764614049126120632e-01
7.682536840438842773e-01
7.568198512582218207e-01
7.658731586792889567e-01
7.663878693300134604e-01
7.754411837633918836e-01
7.972242691937614367e-01
7.995864012662101672e-01
8.104044128866756402e-01
8.334283057381125515e-01
8.485477952396168755e-01
8.721691229764152453e-01
8.777022081262925157e-01
8.598621312309714382e-01
8.533731628866756402e-01
8.390349289950203016e-01
8.221691285862642307e-01
7.949540404712452935e-01
7.967279448228723471e-01
7.794669165330774252e-01
7.765257498797248914e-01
7.560386096729951877e-01
7.518841869690838786e-01
7.213694838916554497e-01
6.981893427231732341e-01
6.828584530774284289e-01
6.703492648461285563e-01
6.466819784220527723e-01
6.039981561548569688e-01
5.057996301090016411e-01
4.731801502844866780e-01
4.513143441256354804e-01
4.407996359993429647e-01
4.418933882432825588e-01
4.444025789990144748e-01
4.566176533699035645e-01
5.059283130309161214e-01
5.392463207244873047e-01
5.838878645616418783e-01
