8.600585907697677612e-01
8.963281214237213135e-01
9.225976318120956421e-01
9.357226341962814331e-01
9.357226341962814331e-01
9.064062386751174927e-01
8.971679657697677612e-01
9.021093845367431641e-01
9.201171845197677612e-01
9.201171845197677612e-01
9.173046797513961792e-01
9.376757740974426270e-01
9.600976407527923584e-01
9.632421731948852539e-01
9.623046666383743286e-01
9.597655981779098511e-01
9.597655981779098511e-01
9.441992044448852539e-01
9.384960830211639404e-01
9.123046845197677612e-01
9.310546815395355225e-01
9.208398312330245972e-01
8.609765768051147461e-01
8.462304919958114624e-01
8.543359637260437012e-01
8.693945556879043579e-01
8.768359571695327759e-01
8.438671827316284180e-01
8.564452975988388062e-01
8.701171875000000000e-01
8.604296892881393433e-01
8.656250089406967163e-01
8.708984404802322388e-01
8.574999868869781494e-01
8.413671851158142090e-01
8.451757729053497314e-01
8.096289038658142090e-01
7.988671809434890747e-01
8.196093738079071045e-01
8.074023425579071045e-01
8.190234303474426270e-01
8.355664163827896118e-01
8.442773371934890747e-01
8.424609303474426270e-01
8.348828107118606567e-01
8.012890517711639404e-01
8.057226389646530151e-01
8.139257580041885376e-01
8.265038877725601196e-01
8.247070312500000000e-01
8.260546922683715820e-01
8.257812559604644775e-01
8.183984458446502686e-01
8.111718893051147461e-01
8.054492026567459106e-01
8.054492026567459106e-01
8.112890422344207764e-01
8.010937571525573730e-01
8.072461038827896118e-01
8.034765720367431641e-01
8.057226687669754028e-01
8.084765523672103882e-01
7.970703095197677612e-01
8.134765326976776123e-01
8.158984035253524780e-01
8.246484249830245972e-01
8.344336003065109253e-01
8.499218970537185669e-01
8.512695580720901489e-01
8.248437643051147461e-01
8.348828256130218506e-01
8.616601526737213135e-01
8.704492151737213135e-01
8.547070324420928955e-01
8.600195199251174927e-01
8.402343839406967163e-01
8.307031095027923584e-01
8.383788913488388062e-01
8.383788913488388062e-01
8.068163990974426270e-01
7.644531279802322388e-01
7.284179776906967163e-01
7.129882872104644775e-01
7.125781327486038208e-01
6.862890645861625671e-01
6.785351559519767761e-01
6.850585862994194031e-01
6.781249940395355225e-01
6.720898300409317017e-01
6.747851446270942688e-01
6.849023401737213135e-01
6.827734336256980896e-01
6.920898407697677612e-01
6.927929893136024475e-01
6.785156205296516418e-01
6.788867115974426270e-01
6.848242059350013733e-01
6.792968660593032837e-01
6.878710836172103882e-01
6.803124919533729553e-01
6.685156226158142090e-01
6.797656193375587463e-01
6.875781044363975525e-01
6.952734366059303284e-01
6.952734366059303284e-01
7.069921940565109253e-01
7.183984369039535522e-01
7.300976514816284180e-01
7.359179556369781494e-01
7.408398389816284180e-01
7.513085901737213135e-01
7.513085901737213135e-01
7.584765553474426270e-01
7.517382800579071045e-01
7.321875095367431641e-01
7.113867327570915222e-01
7.224609479308128357e-01
7.292382866144180298e-01
7.139062508940696716e-01
7.195898443460464478e-01
6.888671815395355225e-01
6.841992139816284180e-01
6.843163967132568359e-01
6.823046654462814331e-01
6.837109103798866272e-01
6.744921877980232239e-01
6.720312535762786865e-01
6.540624946355819702e-01
6.548632830381393433e-01
6.468945294618606567e-01
6.646679639816284180e-01
6.809765696525573730e-01
6.788281351327896118e-01
6.761328130960464478e-01
6.755273416638374329e-01
6.805859431624412537e-01
6.829492226243019104e-01
6.919335722923278809e-01
6.993359178304672241e-01
7.019726485013961792e-01
7.058203220367431641e-01
7.109960913658142090e-01
7.122265547513961792e-01
7.267773449420928955e-01
7.107421904802322388e-01
6.633398458361625671e-01
6.662109345197677612e-01
6.850390583276748657e-01
7.691406309604644775e-01
7.737304717302322388e-01
7.737304717302322388e-01
7.754296809434890747e-01
7.799023538827896118e-01
7.922461032867431641e-01
7.892773449420928955e-01
7.854101508855819702e-01
7.834570258855819702e-01
7.834570258855819702e-01
7.822070270776748657e-01
7.854101508855819702e-01
7.829101532697677612e-01
7.801171839237213135e-01
7.758203148841857910e-01
7.333789020776748657e-01
7.228124961256980896e-01
7.141210958361625671e-01
7.147460803389549255e-01
7.291796654462814331e-01
7.228515446186065674e-01
7.228515446186065674e-01
7.222070246934890747e-01
7.141210958361625671e-01
7.259179651737213135e-01
7.323242127895355225e-01
7.271874845027923584e-01
7.249023318290710449e-01
7.530078142881393433e-01
7.602929770946502686e-01
7.602929770946502686e-01
7.541992217302322388e-01
7.633593827486038208e-01
7.628125101327896118e-01
7.481250017881393433e-01
7.481250017881393433e-01
7.581445425748825073e-01
7.575390636920928955e-01
7.601171880960464478e-01
7.586914151906967163e-01
7.615625113248825073e-01
7.785937637090682983e-01
7.938476651906967163e-01
8.043164014816284180e-01
8.256054669618606567e-01
8.225976526737213135e-01
8.199804574251174927e-01
8.173046857118606567e-01
8.082421869039535522e-01
8.068749904632568359e-01
7.940624952316284180e-01
7.940624952316284180e-01
7.920312583446502686e-01
7.990625053644180298e-01
8.153515458106994629e-01
8.158593475818634033e-01
8.054492026567459106e-01
7.969336062669754028e-01
7.744336128234863281e-01
7.668554782867431641e-01
7.595898509025573730e-01
7.617773413658142090e-01
7.722265720367431641e-01
7.848632782697677612e-01
8.016210943460464478e-01
8.016210943460464478e-01
8.100585937500000000e-01
8.331445306539535522e-01
8.543554693460464478e-01
8.657421916723251343e-01
8.776171952486038208e-01
8.524804711341857910e-01
8.492773473262786865e-01
8.275586068630218506e-01
8.164257854223251343e-01
7.938281297683715820e-01
7.993359416723251343e-01
7.859765738248825073e-01
7.715429812669754028e-01
7.601562589406967163e-01
7.420898526906967163e-01
7.092968747019767761e-01
6.867578253149986267e-01
6.821679696440696716e-01
6.730859279632568359e-01
6.431835815310478210e-01
6.025195270776748657e-01
5.150781273841857910e-01
4.574218764901161194e-01
4.343359395861625671e-01
4.374609366059303284e-01
4.444140642881393433e-01
4.425976574420928955e-01
4.608398452401161194e-01
5.139648541808128357e-01
5.641601607203483582e-01
5.785742178559303284e-01
