8.561830350330897899e-01
9.045535666601998148e-01
9.244865860257830414e-01
9.389285530362810883e-01
9.389062268393379984e-01
9.013616016932896047e-01
9.042410680225917430e-01
8.934598309653145609e-01
9.111607074737548828e-01
9.111607074737548828e-01
9.292633874075753031e-01
9.292633874075753031e-01
9.568526574543544383e-01
9.661383799144199758e-01
9.582812275205340180e-01
9.558035475867134867e-01
9.558035475867134867e-01
9.482812370572771821e-01
9.342633826392037211e-01
9.292633874075753031e-01
9.397767782211303711e-01
9.203347989491054149e-01
8.587053673607962789e-01
8.480357442583356109e-01
8.533705643245151906e-01
8.822321721485683055e-01
8.772321598870413961e-01
8.458482027053833008e-01
8.589285612106323242e-01
8.746205398014613719e-01
8.644419738224574656e-01
8.645982231412615571e-01
8.737053530556815328e-01
8.573437418256487641e-01
8.404241119112286773e-01
8.454240901129586039e-01
8.047990969249180226e-01
7.924999850136893453e-01
8.134821483067103953e-01
8.138392823083060446e-01
8.294419561113629547e-01
8.347098316465105805e-01
8.472990989685058594e-01
8.419866050992693696e-01
8.320758853639874664e-01
8.068526642663138571e-01
8.025892632348197164e-01
8.116071224212646484e-01
8.254687275205340180e-01
8.255803585052490234e-01
8.261607204164777007e-01
8.235937527247837453e-01
8.151562554495674906e-01
8.114285809653145609e-01
8.050892693655831156e-01
8.088169438498360453e-01
8.127901554107666016e-01
8.009375163487025828e-01
8.046651908329555125e-01
8.033035823277064891e-01
8.072321585246494680e-01
8.088169608797345367e-01
7.999330248151507172e-01
8.100222860063824859e-01
8.184151479176112742e-01
8.177901676722935109e-01
8.313392911638531890e-01
8.443080527441841898e-01
8.526562792914254008e-01
8.240848439080374899e-01
8.355580568313598633e-01
8.532366071428570953e-01
8.685714176722935109e-01
8.566741091864449320e-01
8.627455234527587891e-01
8.480134010314941406e-01
8.295758792332240672e-01
8.383482013429913726e-01
8.370089190346854391e-01
7.992410659790039062e-01
7.604017938886370453e-01
7.153794765472412109e-01
7.018973316465105805e-01
7.018973316465105805e-01
6.845089282308306489e-01
6.862276792526245117e-01
6.912053482873099508e-01
6.801562394414629731e-01
6.730133805956158843e-01
6.700446350233895121e-01
6.832812513623919282e-01
6.820312482970101176e-01
6.940401792526245117e-01
6.960714544568743500e-01
6.770758884293692770e-01
6.810267737933567433e-01
6.843749880790710449e-01
6.794196367263793945e-01
6.871651751654488383e-01
6.763616033962794871e-01
6.670982156481061187e-01
6.803794588361468110e-01
6.879910486085074606e-01
6.975669605391365824e-01
6.981026785714286031e-01
6.994419779096331391e-01
7.226562500000000000e-01
7.293526785714286031e-01
7.388615948813301859e-01
7.416294642857143016e-01
7.588169574737548828e-01
7.495982136045183930e-01
7.560491050992693696e-01
7.500892877578735352e-01
7.391964367457798391e-01
7.154241204261779785e-01
7.283035857336861429e-01
7.256026778902325836e-01
7.185267891202654633e-01
7.253571408135550680e-01
6.839062486376080718e-01
6.839062486376080718e-01
6.849107061113629547e-01
6.824106914656502543e-01
6.835713982582092285e-01
6.760044608797345367e-01
6.693303585052490234e-01
6.507812397820609274e-01
6.535714268684387207e-01
6.475446394511631398e-01
6.702901721000671387e-01
6.815178649766104879e-01
6.815178649766104879e-01
6.759821431977408590e-01
6.752901758466448578e-01
6.808928677013942332e-01
6.858259013720920949e-01
6.908928326198032766e-01
6.972767625536236968e-01
7.028124843324933257e-01
7.096205438886370453e-01
7.155357088361468110e-01
7.169419527053833008e-01
7.212500061307635102e-01
7.096875054495674906e-01
6.632812534059796539e-01
6.643080285617283254e-01
6.858705282211303711e-01
7.678794690540858836e-01
7.731250013623919282e-01
7.731250013623919282e-01
7.750669547489711375e-01
7.793750081743512359e-01
7.908259119306292328e-01
7.870758942195347219e-01
7.842410632542201609e-01
7.841964278902325836e-01
7.842410632542201609e-01
7.842410632542201609e-01
7.870758942195347219e-01
7.835714306150164399e-01
7.803794656481061187e-01
7.732589244842529297e-01
7.362946442195347219e-01
7.242187517029898824e-01
7.122767908232552347e-01
7.117410642760140238e-01
7.222097941807338328e-01
7.222097941807338328e-01
7.235490935189383688e-01
7.227455207279750438e-01
7.202678578240531149e-01
7.257142748151507172e-01
7.335714272090366750e-01
7.259598118918282328e-01
7.266071353639874664e-01
7.497991153172084422e-01
7.584151881081717672e-01
7.584151881081717672e-01
7.584151881081717672e-01
7.622321503502982321e-01
7.641071592058453765e-01
7.531250034059796539e-01
7.449553523744855132e-01
7.584151881081717672e-01
7.577232122421264648e-01
7.577232122421264648e-01
7.589955500194004445e-01
7.598660843712943258e-01
7.793303728103637695e-01
7.962723289217267242e-01
8.048214231218610015e-01
8.291517836706978617e-01
8.200669629233223734e-01
8.170758826392037211e-01
8.201115982873099508e-01
8.080803496497017679e-01
8.053124972752162547e-01
7.927678482873099508e-01
7.965401751654488383e-01
7.905357224600655375e-01
7.998214278902325836e-01
8.184598003114972320e-01
8.183705125536236968e-01
8.036830254963466258e-01
7.997767925262451172e-01
7.740848405020577250e-01
7.654017891202654633e-01
7.601562568119594188e-01
7.610044649669102101e-01
7.725000040871756735e-01
7.863169567925589742e-01
7.987276826586041656e-01
7.987276826586041656e-01
8.121875013623919282e-01
8.351562534059796539e-01
8.544196401323590484e-01
8.667634044374737945e-01
8.794419765472412109e-01
8.491741078240531149e-01
8.527455329895019531e-01
8.225892952510288625e-01
8.144866057804652781e-01
8.006473268781389985e-01
7.985937595367431641e-01
7.839285816465105805e-01
7.734151908329555125e-01
7.668750115803310008e-01
7.383928639548165140e-01
7.166741064616611867e-01
6.857366136142185598e-01
6.903794663293021383e-01
6.797321353639874664e-01
6.445982030459812551e-01
6.009821380887713227e-01
5.160937564713614645e-01
4.602678588458469777e-01
4.334151829992021754e-01
4.344866020338876145e-01
4.450669629233224289e-01
4.432812503405979543e-01
4.620089275496346848e-01
5.194642969540187449e-01
5.660267898014613719e-01
5.825892857142856984e-01
