8.614583280351426620e-01
8.977777693006727677e-01
9.267881711324056360e-01
9.272221989101834261e-01
9.272221989101834261e-01
9.011631806691488000e-01
8.905729187859429130e-01
9.066493113835653039e-01
9.248437484105428430e-01
9.248437484105428430e-01
9.245833290947808036e-01
9.446006880866156807e-01
9.627083142598470422e-01
9.662673473358154297e-01
9.624478949440850029e-01
9.609201086892021904e-01
9.502951171663072127e-01
9.490103986528184432e-01
9.435069296095106584e-01
9.202256864971585237e-01
9.262326293521456755e-01
9.207638767030503768e-01
8.701562616560194474e-01
8.480208582348294222e-01
8.510764174991183317e-01
8.687673807144165039e-01
8.734896050559149971e-01
8.457812468210855750e-01
8.646701309416029435e-01
8.684027724795870817e-01
8.646180629730224609e-01
8.663888904783461076e-01
8.673090272479586638e-01
8.656076325310601005e-01
8.411111036936441687e-01
8.474999931123521346e-01
8.152083290947808036e-01
7.975867986679077148e-01
8.166319396760728377e-01
8.090798589918348771e-01
8.214236100514730188e-01
8.367013931274414062e-01
8.415798611111111605e-01
8.399652772479586638e-01
8.350868092642890206e-01
8.042187425825331193e-01
8.025867938995361328e-01
8.081944253709580916e-01
8.246006833182440987e-01
8.264409701029459265e-01
8.257291714350382117e-01
8.257291714350382117e-01
8.167013989554511300e-01
8.074305719799466097e-01
8.023437394036186943e-01
8.046527571148343050e-01
8.101215097639296037e-01
8.018576436572604216e-01
8.061111238267686385e-01
8.051562574174668807e-01
8.076562616560194474e-01
8.076215187708536414e-01
7.968576351801553992e-01
8.112152549955580216e-01
8.222048282623291016e-01
8.238888714048597794e-01
8.322395881017049524e-01
8.489409950044419784e-01
8.466146124733818779e-01
8.282291756735907784e-01
8.326388994852701453e-01
8.630208306842379606e-01
8.706944386164346961e-01
8.547048568725585938e-01
8.574826320012410852e-01
8.438368108537461776e-01
8.306249909930758513e-01
8.386631806691488000e-01
8.414583206176757812e-01
8.082465198304917831e-01
7.703298595216538924e-01
7.345486217074923552e-01
7.248437537087334404e-01
7.212500042385525667e-01
6.855034761958651579e-01
6.712847219573127022e-01
6.846701304117838172e-01
6.721874939070807686e-01
6.705902682410346261e-01
6.735763814714219588e-01
6.841840214199490511e-01
6.802430550257364539e-01
6.921701298819648018e-01
6.905729373296102258e-01
6.813368068801032296e-01
6.807986100514730188e-01
6.857117878066169014e-01
6.815104087193807336e-01
6.878819333182440987e-01
6.797742976082695732e-01
6.710069444444444198e-01
6.786631875567965544e-01
6.875694261656867257e-01
6.945312486754523507e-01
6.985763907432556152e-01
7.071006960339016878e-01
7.191319465637207031e-01
7.244444423251681364e-01
7.337847153345743445e-01
7.381597227520413362e-01
7.495312425825331193e-01
7.437326378292508089e-01
7.587152719497680664e-01
7.480034695731269112e-01
7.358854214350382117e-01
7.125173740916781462e-01
7.266145878367953337e-01
7.283854219648573380e-01
7.147569457689920691e-01
7.198090288374159318e-01
6.940451330608792269e-01
6.795138849152458915e-01
6.837499936421712610e-01
6.841319269604153597e-01
6.841840015517340889e-01
6.747743089993795129e-01
6.687326431274414062e-01
6.548090245988633651e-01
6.555208365122476843e-01
6.550520790947808036e-01
6.668923563427395784e-01
6.845139000150892716e-01
6.786458426051669157e-01
6.789062552981905974e-01
6.784895857175191614e-01
6.799826423327127722e-01
6.826562550332810897e-01
6.943576203452216378e-01
6.989756822586059570e-01
7.004861036936441687e-01
7.047395971086289901e-01
7.113020817438761023e-01
7.103992965486314315e-01
7.277430560853745956e-01
7.094097269905937919e-01
6.672743095291985282e-01
6.699652804268730888e-01
6.860243082046508789e-01
7.623090346654256555e-01
7.737326357099745255e-01
7.716145912806192664e-01
7.752083275053236466e-01
7.796875105963813057e-01
7.941840357250637972e-01
7.875520785649617883e-01
7.843055460188124162e-01
7.825694349077012557e-01
7.817361089918348771e-01
7.817361089918348771e-01
7.875520785649617883e-01
7.853298584620157508e-01
7.816145817438761023e-01
7.790277798970540735e-01
7.365277740690443498e-01
7.232812444368997840e-01
7.151736087269253694e-01
7.161110970709059220e-01
7.279860973358154297e-01
7.242534557978311804e-01
7.242534557978311804e-01
7.165277732743157157e-01
7.175000045034620744e-01
7.250868082046508789e-01
7.317708333333333703e-01
7.272048526340060270e-01
7.307986021041870117e-01
7.550347248713175086e-01
7.578472296396890906e-01
7.563368082046508789e-01
7.563368082046508789e-01
7.590625021192762834e-01
7.637500100665621794e-01
7.496354182561238977e-01
7.496354182561238977e-01
7.579687568876478654e-01
7.574305534362792969e-01
7.612500058280097237e-01
7.569270928700765344e-01
7.609722349378797990e-01
7.804340389039781112e-01
7.946180635028414763e-01
8.099479145473904573e-01
8.256423605812920341e-01
8.215277724795870817e-01
8.238715198304917831e-01
8.198611074023776091e-01
8.118923637602064591e-01
8.008680476082695732e-01
8.008680476082695732e-01
7.963541613684760323e-01
7.903645965788099748e-01
8.002430597941080359e-01
8.139235973358154297e-01
8.151735862096151086e-01
7.996006806691488000e-01
7.970833381017049524e-01
7.744618256886800500e-01
7.710590362548828125e-01
7.577257023917304268e-01
7.612326410081651229e-01
7.704861164093017578e-01
7.858506970935397185e-01
7.988715304268730888e-01
8.019618060853745956e-01
8.081770870420668107e-01
8.279513915379842492e-01
8.552430603239271623e-01
8.681250015894571570e-01
8.757638931274414062e-01
8.547048568725585938e-01
8.505902820163302458e-01
8.278298775355020789e-01
8.213888936572604216e-01
7.966145939297146761e-01
8.013888862397935409e-01
7.895138925976223909e-01
7.732465399636162529e-01
7.596527867847018278e-01
7.439062595367431641e-01
7.147916621632046663e-01
6.931770973735384977e-01
6.837326354450650179e-01
6.756597095065646208e-01
6.441145737965902063e-01
6.044791605737473983e-01
5.199479195806715470e-01
4.646701415379841937e-01
4.358159767256842843e-01
4.375000000000000000e-01
4.436805579397413712e-01
4.430208338631523857e-01
4.631250037087334404e-01
5.168402857250637972e-01
5.635937518543667757e-01
5.743750002649095077e-01
