8.623437455722263723e-01
8.957700814519610200e-01
9.103906154632568359e-01
9.104464139257159028e-01
9.205357006617954641e-01
9.099888290677752289e-01
9.016183018684387207e-01
9.122432981218610015e-01
9.249218702316284180e-01
9.376227600233895121e-01
9.334598098482403961e-01
9.408593603542872996e-01
9.576785564422607422e-01
9.710379242897033691e-01
9.677678346633911133e-01
9.668749741145542531e-01
9.542298827852521148e-01
9.470758693558829489e-01
9.327455163002014160e-01
9.267856989588055816e-01
9.111607074737548828e-01
9.074999945504325094e-01
8.800111753599983988e-01
8.593750170298984914e-01
8.549442120960780711e-01
8.646763478006634918e-01
8.620201008660453024e-01
8.483370542526245117e-01
8.627790127481732574e-01
8.634598170007977691e-01
8.587611573083060446e-01
8.625892911638531890e-01
8.653459804398673239e-01
8.604798998151507172e-01
8.516852685383388133e-01
8.495200872421264648e-01
8.147767782211303711e-01
8.117187448910304637e-01
8.173772266932896047e-01
8.128236532211303711e-01
8.246093732970101176e-01
8.391406280653816996e-01
8.366294588361468110e-01
8.373437523841857910e-01
8.201897314616611867e-01
8.107700773647853465e-01
8.074218630790710449e-01
8.066852518490382762e-01
8.260714156287056742e-01
8.252678513526916504e-01
8.308705346924918356e-01
8.296540209225246043e-01
8.197656273841857910e-01
8.027008942195347219e-01
8.056138328143528371e-01
8.095312373978751364e-01
8.092187387602669535e-01
8.063727617263793945e-01
8.131361603736877441e-01
8.084933076586041656e-01
8.059374945504325094e-01
8.012388348579406738e-01
8.028348173413958344e-01
8.052232010023934183e-01
8.240513205528259277e-01
8.261160595076424418e-01
8.360714316368103027e-01
8.457366228103637695e-01
8.536049297877720266e-01
8.314174243382045359e-01
8.387165239879063039e-01
8.549330404826572805e-01
8.535044619015285106e-01
8.602678520338875590e-01
8.624218787465777192e-01
8.451897331646510692e-01
8.410602637699672313e-01
8.386607170104980469e-01
8.464174100330897899e-01
8.171651703970772562e-01
7.681250018732888041e-01
7.525000061307635102e-01
7.497209906578063965e-01
7.497209906578063965e-01
6.787834848676409516e-01
6.710602641105651855e-01
6.710602641105651855e-01
6.665066906384059520e-01
6.649441889354160695e-01
6.737723095076424418e-01
6.846874952316284180e-01
6.829352719443184672e-01
6.907254457473754883e-01
6.858259013720920949e-01
6.807589360645839305e-01
6.787276736327579885e-01
6.842299018587384429e-01
6.823549057756151948e-01
6.851004362106323242e-01
6.811160700661795797e-01
6.722991083349499908e-01
6.779687489782061371e-01
6.838839181831904979e-01
6.912276744842529297e-01
7.021316928522927103e-01
7.139843702316284180e-01
7.168415273938860688e-01
7.238616091864449320e-01
7.280133962631225586e-01
7.350669673510960012e-01
7.422209807804652781e-01
7.356250030653816996e-01
7.394196391105651855e-01
7.421651738030570211e-01
7.411495532308306489e-01
7.288169647966112885e-01
7.279799112251826854e-01
7.251450887748173146e-01
7.215178566319602194e-01
7.216852605342864990e-01
7.003906198910304637e-01
6.760714224406650930e-01
6.763950841767447653e-01
6.849441826343536377e-01
6.861607006617954641e-01
6.770200899669102101e-01
6.687165200710296631e-01
6.565066916601998148e-01
6.604464266981396880e-01
6.592299129281725678e-01
6.682142828192029205e-01
6.833259037562778859e-01
6.817522432122912202e-01
6.806584852082389059e-01
6.766294666699000926e-01
6.768303598676409516e-01
6.828348210879734426e-01
6.943749913147517772e-01
6.963727516787392435e-01
7.035267778805324168e-01
7.051674127578735352e-01
7.072209886142185598e-01
7.062053595270428863e-01
7.147767841815948486e-01
7.129575908184051514e-01
6.715178659984043508e-01
6.729352729661124410e-01
6.980022362300327687e-01
7.593526840209960938e-01
7.606808032308306489e-01
7.609598210879734426e-01
7.695982200758797465e-01
7.837611692292349996e-01
7.863616177013942332e-01
7.813616054398673239e-01
7.785937445504325094e-01
7.850334814616611867e-01
7.863392829895019531e-01
7.863392829895019531e-01
7.872321435383388133e-01
7.826785700661795797e-01
7.805691957473754883e-01
7.715624996594020457e-01
7.419754394463130565e-01
7.255022270338875590e-01
7.213392768587384429e-01
7.297098168304988475e-01
7.297098168304988475e-01
7.278348164899008932e-01
7.223549102033887115e-01
7.108370491436549754e-01
7.259040176868438721e-01
7.264062464237213135e-01
7.335602641105651855e-01
7.352790066174098582e-01
7.319307923316955566e-01
7.450892840112958160e-01
7.607700824737548828e-01
7.581808056150164399e-01
7.604129484721592336e-01
7.646651778902325836e-01
7.663950834955487457e-01
7.577232122421264648e-01
7.539620484624590668e-01
7.540401816368103027e-01
7.621428540774753957e-01
7.659709879330226512e-01
7.617299216134207906e-01
7.645759071622576508e-01
7.746093869209289551e-01
7.897544758660453024e-01
8.147321428571429047e-01
8.150669676916939554e-01
8.175223214285713969e-01
8.209263341767447653e-01
8.187053544180733500e-01
8.150558045932224660e-01
8.106361542429242339e-01
8.106361542429242339e-01
8.042410697255816254e-01
7.974330442292349996e-01
7.997209855488368602e-01
8.078682933534894195e-01
8.089174032211303711e-01
7.980580329895019531e-01
7.966071537562778859e-01
7.791406341961452098e-01
7.687388488224574656e-01
7.586718712534222808e-01
7.642522283962794871e-01
7.677343828337532816e-01
7.786942039217267242e-01
7.951785751751491160e-01
8.011160748345511617e-01
8.060156277247837453e-01
8.338616064616611867e-01
8.506696479661124410e-01
8.759821483067103953e-01
8.777790239879063039e-01
8.560267857142856984e-01
8.492075886045183930e-01
8.363839302744183746e-01
8.177790216037205129e-01
7.899553605488368602e-01
7.969642877578735352e-01
7.882589357239859762e-01
7.733370661735534668e-01
7.528236678668430715e-01
7.488950831549507914e-01
7.187165192195347219e-01
6.877678632736206055e-01
6.854241064616611867e-01
6.712723161493029389e-01
6.460267773696354299e-01
5.965624962534222808e-01
5.102790168353489308e-01
4.733258954116276174e-01
4.495982187134878738e-01
4.396205374172755809e-01
4.450334864003317459e-01
4.434933066368103027e-01
4.605468809604644775e-01
5.028013459273746877e-01
5.498772263526916504e-01
5.793526768684387207e-01
