8.601874987284342522e-01
8.993229071299234656e-01
9.092395782470703569e-01
9.083541552225748994e-01
9.159166574478149192e-01
9.075729052225748328e-01
8.997604131698608843e-01
9.157499949137369866e-01
9.299270788828531975e-01
9.359999895095825195e-01
9.378958225250244585e-01
9.420937379201252959e-01
9.595312356948852983e-01
9.709791421890259233e-01
9.690833091735839844e-01
9.690833091735839844e-01
9.554999748865763420e-01
9.368437290191650169e-01
9.336770613988240042e-01
9.266249895095824973e-01
9.125208298365274917e-01
9.125208298365274917e-01
8.845729271570841323e-01
8.585937658945719253e-01
8.538645982742310014e-01
8.643229246139526589e-01
8.607500076293945757e-01
8.538125038146973100e-01
8.626666625340779770e-01
8.626458326975504631e-01
8.582604169845581277e-01
8.612812519073486106e-01
8.665625015894572458e-01
8.608124891916910659e-01
8.530729134877522712e-01
8.510624965031942102e-01
8.158020734786987083e-01
8.130937417348226282e-01
8.171354134877523157e-01
8.113124926884969224e-01
8.269583304723103767e-01
8.380312522252401086e-01
8.366979122161865012e-01
8.368645826975504853e-01
8.236874977747599136e-01
8.121354023615519058e-01
8.081874926884968779e-01
8.086874882380167273e-01
8.264166514078775672e-01
8.234687407811482895e-01
8.297812461853026900e-01
8.313437541325886526e-01
8.196875015894572458e-01
8.018958330154418723e-01
8.072916587193806892e-01
8.073958237965901397e-01
8.087499856948852095e-01
8.073958237965901397e-01
8.107083320617676225e-01
8.127708355585734346e-01
8.051145792007445845e-01
8.038958311080932617e-01
8.026979128519694529e-01
8.065624872843424331e-01
8.236874818801880327e-01
8.228229045867919700e-01
8.363541682561238533e-01
8.442291816075643274e-01
8.525104363759358206e-01
8.334791819254557810e-01
8.383750041325886970e-01
8.537187576293945312e-01
8.534062465031941880e-01
8.599895795186360825e-01
8.576041698455810769e-01
8.443333307902017859e-01
8.386249939600626258e-01
8.363854169845581499e-01
8.426666657129923133e-01
8.181770722071329827e-01
7.723333319028218291e-01
7.557187557220459428e-01
7.531250079472859849e-01
7.451770901679992676e-01
6.825520833333332815e-01
6.701666633288065889e-01
6.746562480926513450e-01
6.657395760218302039e-01
6.670312404632567915e-01
6.704999883969624541e-01
6.830937465031942102e-01
6.822604219118754143e-01
6.912916660308837669e-01
6.859687566757202148e-01
6.791145920753478560e-01
6.786354104677836396e-01
6.869479099909464592e-01
6.821458299954732407e-01
6.836874922116596975e-01
6.815729141235351562e-01
6.726354161898294715e-01
6.784166653951009263e-01
6.849062403043111313e-01
6.934791644414265432e-01
7.043437441190083526e-01
7.120312452316284180e-01
7.149166742960612053e-01
7.233958323796589873e-01
7.313437541325886748e-01
7.313437541325886748e-01
7.382812500000000000e-01
7.343645890553792688e-01
7.413229147593179968e-01
7.382291634877522490e-01
7.429375012715657700e-01
7.274062514305115190e-01
7.303333322207132827e-01
7.284999966621399370e-01
7.205937504768371582e-01
7.206770777702331543e-01
6.991354107856750932e-01
6.746666590372721872e-01
6.756770769755046091e-01
6.845937371253967285e-01
6.856979052225748994e-01
6.771145820617675559e-01
6.699687520662943596e-01
6.547604123751322724e-01
6.598541657129923799e-01
6.595937530199686982e-01
6.671041647593179968e-01
6.823541760444641335e-01
6.831145962079365752e-01
6.822083393732706336e-01
6.755208373069763184e-01
6.776145855585734568e-01
6.833750009536743164e-01
6.931145747502645005e-01
6.958541512489319070e-01
7.022708257039388391e-01
7.027395844459534135e-01
7.059375047683715820e-01
7.072812557220459206e-01
7.142291665077209473e-01
7.101666688919067161e-01
6.733645915985106978e-01
6.741979201634724639e-01
6.960312525431314734e-01
7.560208400090535630e-01
7.577500025431315178e-01
7.608854134877522934e-01
7.691770871480305694e-01
7.844166755676269531e-01
7.878020922342936494e-01
7.809687455495198938e-01
7.751770814259847375e-01
7.857083320617676003e-01
7.869270801544189231e-01
7.869270801544189231e-01
7.886145830154418501e-01
7.835104147593180413e-01
7.819166660308838335e-01
7.674374977747598914e-01
7.443020780881245413e-01
7.253749926884969224e-01
7.251145760218302705e-01
7.296249985694884810e-01
7.296249985694884810e-01
7.296249985694884810e-01
7.194791674613952859e-01
7.120104153951009041e-01
7.292083303133646277e-01
7.268020828564961677e-01
7.293958306312561257e-01
7.341562430063883760e-01
7.349999904632568137e-01
7.456666628519693640e-01
7.618437449137369644e-01
7.603958368301391157e-01
7.626354217529296431e-01
7.648854176203410127e-01
7.682187477747599580e-01
7.601250012715657922e-01
7.546666622161865012e-01
7.516041676203409905e-01
7.631249984105428208e-01
7.664687554041544892e-01
7.644270896911621316e-01
7.670833428700765122e-01
7.738750139872233591e-01
7.886666774749755415e-01
8.140625000000000222e-01
8.149270852406819143e-01
8.167604128519694306e-01
8.212187449137370310e-01
8.211249987284342522e-01
8.177395820617675559e-01
8.105520804723104211e-01
8.105520804723104211e-01
8.064687490463257058e-01
7.964270909627279016e-01
7.985312541325887414e-01
8.098645766576131333e-01
8.051770766576130667e-01
8.001354138056436804e-01
7.974791765213012917e-01
7.798750082651774163e-01
7.680729230244954797e-01
7.564062436421712388e-01
7.661562442779541460e-01
7.675833384195963616e-01
7.781354268391926787e-01
7.960312525431315622e-01
8.008437554041544226e-01
8.068541685740152625e-01
8.345833301544189897e-01
8.509583393732707002e-01
8.746562560399373520e-01
8.775937557220458984e-01
8.565416653951009041e-01
8.500833352406819143e-01
8.382083336512248239e-01
8.207500060399373076e-01
7.917812506357828628e-01
7.971875031789144028e-01
7.863333384195964060e-01
7.736562649408976755e-01
7.555520931879678992e-01
7.493437449137370088e-01
7.203958352406819587e-01
6.885000069936116907e-01
6.825312495231627974e-01
6.718229134877522490e-01
6.438437422116597419e-01
5.996979117393493874e-01
5.087916652361551550e-01
4.744375030199686760e-01
4.520520885785420662e-01
4.396354198455810769e-01
4.431770881017049191e-01
4.413437525431315178e-01
4.591666738192240471e-01
5.065520882606506792e-01
5.483645796775817871e-01
5.817291657129923799e-01
