8.590937614440917747e-01
9.116249799728393111e-01
9.161249876022339311e-01
9.397499799728393777e-01
9.367187261581421120e-01
8.871562480926513672e-01
9.006562471389770730e-01
8.972187519073486772e-01
9.000312328338623269e-01
9.159374952316283736e-01
9.225937366485595925e-01
9.371249914169311745e-01
9.634999752044677290e-01
9.600624799728393333e-01
9.559062242507934126e-01
9.519687175750732866e-01
9.590624809265136941e-01
9.570937395095825417e-01
9.383749961853027344e-01
9.383749961853027344e-01
9.520624876022338867e-01
9.251562356948852539e-01
8.714687585830688255e-01
8.559687852859496626e-01
8.712500333786010742e-01
8.768125295639037642e-01
8.739687681198120561e-01
8.504999876022338867e-01
8.657812356948852983e-01
8.774687528610229936e-01
8.663125038146972656e-01
8.679375171661376509e-01
8.859687566757201704e-01
8.631249904632568581e-01
8.382187604904174361e-01
8.414999961853026900e-01
7.942499876022338645e-01
7.879687309265136497e-01
8.005937576293945535e-01
8.234375000000000444e-01
8.272187471389770286e-01
8.388750076293944868e-01
8.439374923706054465e-01
8.397499799728393999e-01
8.312499761581421120e-01
8.065312385559082475e-01
8.021562337875366433e-01
8.093124628067016602e-01
8.129062175750731978e-01
8.333750009536743386e-01
8.288749933242798296e-01
8.288749933242798296e-01
8.048125028610229048e-01
8.002500057220458540e-01
7.992187499999999778e-01
8.064062356948852317e-01
8.143749713897705522e-01
8.039687633514404075e-01
8.032812595367431197e-01
8.073125123977661355e-01
8.043125152587891069e-01
8.081249952316283958e-01
7.911562442779540572e-01
8.075312137603759544e-01
8.139999628067016157e-01
8.154687404632567915e-01
8.309375047683715820e-01
8.561562538146972878e-01
8.477500200271606001e-01
8.244062662124633789e-01
8.284375190734862837e-01
8.526875019073486550e-01
8.737812280654907449e-01
8.689687490463257058e-01
8.644374847412109597e-01
8.453750133514403853e-01
8.322812318801879883e-01
8.505312204360961914e-01
8.393437385559081587e-01
7.912187576293945312e-01
7.618437528610229048e-01
7.118750214576721191e-01
6.879062652587890625e-01
6.879062652587890625e-01
6.806874990463256392e-01
6.795624971389770952e-01
6.920937299728393555e-01
6.920937299728393555e-01
6.705937385559082031e-01
6.627812504768371138e-01
6.897500038146973100e-01
6.779062390327453835e-01
6.934999942779540572e-01
6.965000152587890181e-01
6.719999909400939941e-01
6.778749942779540572e-01
6.794999718666077104e-01
6.756250023841857688e-01
6.922499895095824973e-01
6.771249890327453169e-01
6.717187523841857688e-01
6.755312442779540794e-01
6.895312309265136941e-01
7.007187366485595481e-01
6.973124980926513894e-01
6.934375047683716264e-01
7.275937318801879439e-01
7.257812500000000444e-01
7.297812461853027122e-01
7.458124876022338423e-01
7.642499923706054243e-01
7.552187442779541016e-01
7.534062623977660911e-01
7.538437604904174583e-01
7.470625162124633345e-01
7.046875119209289329e-01
7.130937576293945312e-01
7.244062423706054688e-01
7.230000019073485884e-01
7.303437471389770952e-01
6.824687480926513450e-01
6.803124904632568137e-01
6.838749885559082253e-01
6.824374794960021973e-01
6.822812199592590554e-01
6.754687309265137163e-01
6.732812523841857910e-01
6.486874938011168990e-01
6.552812576293944868e-01
6.398437380790710227e-01
6.673437476158141646e-01
6.865937590599060503e-01
6.881250143051147461e-01
6.745625019073486772e-01
6.738749980926513894e-01
6.734687447547912376e-01
6.934687733650207742e-01
6.961562156677245650e-01
6.946249723434447798e-01
7.035937309265136719e-01
7.057187557220458984e-01
7.166562318801880105e-01
7.191562414169311301e-01
7.190625190734862837e-01
7.061875104904175027e-01
6.541562557220459428e-01
6.673124909400940385e-01
6.878749847412108931e-01
7.684375047683715820e-01
7.684999942779541238e-01
7.684999942779541238e-01
7.778749942779541460e-01
7.828437566757202593e-01
7.845000267028808816e-01
7.875312566757202148e-01
7.844374895095824751e-01
7.839999914169311079e-01
7.792187452316283736e-01
7.827500104904174805e-01
7.875312566757202148e-01
7.799999952316284402e-01
7.795624971389770730e-01
7.689062356948852539e-01
7.377500057220458540e-01
7.254374980926513450e-01
7.089062571525573953e-01
7.196249961853027344e-01
7.230937242507934348e-01
7.255624771118164285e-01
7.255624771118164285e-01
7.227812290191650835e-01
7.172812461853027566e-01
7.283749818801880105e-01
7.278125047683715598e-01
7.262187480926514116e-01
7.246875047683716264e-01
7.499062538146972212e-01
7.654687643051147905e-01
7.654687643051147905e-01
7.596562623977660689e-01
7.567812681198120561e-01
7.567812681198120561e-01
7.493750095367431863e-01
7.381249904632568581e-01
7.563437461853027566e-01
7.563437461853027566e-01
7.621562480926513672e-01
7.643125057220458984e-01
7.590625286102294922e-01
7.769687652587891069e-01
7.950937509536742942e-01
8.090937376022339089e-01
8.325312376022339089e-01
8.154999971389770286e-01
8.208124876022339089e-01
8.212187290191650391e-01
8.062187433242797852e-01
8.077500104904175027e-01
7.819687604904175249e-01
8.039687395095824751e-01
7.926250219345092329e-01
8.104687452316283736e-01
8.223124742507934570e-01
8.169374704360962136e-01
8.040937423706054910e-01
8.045000076293945535e-01
7.725937604904175027e-01
7.585937499999999556e-01
7.644062519073486772e-01
7.550000190734863503e-01
7.718437433242797407e-01
7.903125047683715598e-01
8.008749961853027788e-01
8.010312557220459206e-01
8.109062433242797407e-01
8.267499923706054243e-01
8.626250028610229492e-01
8.621875047683715820e-01
8.768125295639037642e-01
8.493750095367431641e-01
8.482187509536742720e-01
8.207499980926513672e-01
8.169374942779541460e-01
8.045000076293945535e-01
7.975312471389770508e-01
7.801562547683715820e-01
7.702812671661376509e-01
7.635937452316283736e-01
7.264374971389770952e-01
7.191562652587890625e-01
6.908125162124634233e-01
6.781562566757202148e-01
6.549687385559082031e-01
6.449999928474425825e-01
6.211249947547912154e-01
5.158750057220459206e-01
4.748749971389770730e-01
4.288125038146972656e-01
4.392187476158141979e-01
4.430312395095825084e-01
4.450000047683715931e-01
4.656562566757201926e-01
5.217500090599059837e-01
5.527187585830688477e-01
5.929062604904175027e-01
