8.602812290191650391e-01
9.039687395095825639e-01
9.261562347412108931e-01
9.288124799728393333e-01
9.216249942779540794e-01
9.297187566757202370e-01
8.972187519073486772e-01
8.972187519073486772e-01
8.972187519073486772e-01
9.165625095367431197e-01
9.234687566757202593e-01
9.320312261581420454e-01
9.600624799728393333e-01
9.600624799728393333e-01
9.479374647140502708e-01
9.559062242507934126e-01
9.479374647140502708e-01
9.561249732971190962e-01
9.590624809265136941e-01
9.520624876022338867e-01
9.359687328338622825e-01
9.055937290191650169e-01
8.867187500000000000e-01
8.506250143051147239e-01
8.408437490463256392e-01
8.600937604904175249e-01
8.703437566757201704e-01
8.570624828338623269e-01
8.660624980926513450e-01
8.728749990463257058e-01
8.739687681198120561e-01
8.705937623977660911e-01
8.660000085830688032e-01
8.631249904632568581e-01
8.373437404632568803e-01
8.427500009536743608e-01
8.288749933242798296e-01
8.121874809265137163e-01
8.005937576293945535e-01
8.375937461853026900e-01
8.362812519073485884e-01
8.433749914169311745e-01
8.472187519073486328e-01
8.285312414169311301e-01
8.300624847412109153e-01
7.976562499999999556e-01
8.093437433242798296e-01
8.093124628067016602e-01
8.195312261581421120e-01
8.281874895095825417e-01
8.352187395095824751e-01
8.316875219345092329e-01
8.054687738418578880e-01
7.923125028610229492e-01
8.064062356948852317e-01
8.126249790191650835e-01
8.124374628067017046e-01
8.096250057220458762e-01
8.072812557220458984e-01
8.111875057220458984e-01
8.042500019073486328e-01
8.018124818801879439e-01
8.018124818801879439e-01
8.075312137603759544e-01
8.189374685287476030e-01
8.256249904632568803e-01
8.373749971389770064e-01
8.476875066757202370e-01
8.387187719345092773e-01
8.289375066757201926e-01
8.230625152587890403e-01
8.500625133514404519e-01
8.702812433242798074e-01
8.504062414169311079e-01
8.442812442779541460e-01
8.384687423706054243e-01
8.299375057220459428e-01
8.357187271118163840e-01
8.414375066757202593e-01
8.224374771118163618e-01
7.537812709808349165e-01
7.414062738418578657e-01
7.253750205039978249e-01
7.199687719345092551e-01
6.826874971389770286e-01
6.795624971389770952e-01
6.959062337875365767e-01
6.695312380790710005e-01
6.782187342643737349e-01
6.618437409400940163e-01
6.831874847412109375e-01
6.767187237739562544e-01
6.899374961853027566e-01
6.952812671661376953e-01
6.737812399864196999e-01
6.732812404632568803e-01
6.806874871253967285e-01
6.821249961853027566e-01
6.853124856948852317e-01
6.781562447547913042e-01
6.717187523841857688e-01
6.755312442779540794e-01
6.863437294960021973e-01
6.906249880790710227e-01
6.940625190734863725e-01
7.217187643051147239e-01
7.328124999999999778e-01
7.332812309265136497e-01
7.402187347412109153e-01
7.522812366485596147e-01
7.642499923706054243e-01
7.660624980926513672e-01
7.642499923706054243e-01
7.450625181198120561e-01
7.278125286102294922e-01
7.239687681198120339e-01
7.130937576293945312e-01
7.244062423706054688e-01
7.190937519073485884e-01
7.300624847412109375e-01
7.097500085830688032e-01
6.780625104904174361e-01
6.836249947547912154e-01
6.844374775886535867e-01
6.696874737739563210e-01
6.680312514305114524e-01
6.706562519073486772e-01
6.545625090599059837e-01
6.442812442779540794e-01
6.428749918937682883e-01
6.580000042915343794e-01
6.865312576293944868e-01
6.800312638282776101e-01
6.737500071525573953e-01
6.784687519073486772e-01
6.737499833106994629e-01
6.874375104904174583e-01
6.939999699592590554e-01
6.945937395095824751e-01
7.019687414169311079e-01
6.978437662124633567e-01
7.245312452316283736e-01
7.188124895095825417e-01
7.139375209808349609e-01
7.178437709808349609e-01
6.785625100135803667e-01
6.847812652587890181e-01
7.433750152587890181e-01
7.472500085830688921e-01
7.690624952316283958e-01
7.744062423706055132e-01
7.764062404632567915e-01
7.818437576293945090e-01
8.007812500000000000e-01
7.875312566757202148e-01
7.849062442779540794e-01
7.844374895095824751e-01
7.844374895095824751e-01
7.844374895095824751e-01
7.875312566757202148e-01
7.799999952316284402e-01
7.738125085830688255e-01
7.638437509536742942e-01
7.359999895095825639e-01
7.254374980926513450e-01
7.089062571525573953e-01
7.174999952316284402e-01
7.255624771118164285e-01
7.255624771118164285e-01
7.263124942779540794e-01
7.189999818801879883e-01
7.189999818801879883e-01
7.214687347412109819e-01
7.259999990463257280e-01
7.237499952316284180e-01
7.217187404632567915e-01
7.425624847412108931e-01
7.648437500000000444e-01
7.654687643051147905e-01
7.654687643051147905e-01
7.567812681198120561e-01
7.567812681198120561e-01
7.495625019073486328e-01
7.381249904632568581e-01
7.621562480926513672e-01
7.648437500000000444e-01
7.648437500000000444e-01
7.643125057220458984e-01
7.614062786102294700e-01
7.806250095367431863e-01
7.956249952316284402e-01
8.102812528610229270e-01
8.124062538146972212e-01
8.282187461853027788e-01
8.271874904632567915e-01
8.138750076293945757e-01
7.836875200271606889e-01
8.077500104904175027e-01
8.002500057220458540e-01
7.872500181198119895e-01
7.912812471389770730e-01
8.098124980926513228e-01
8.122499704360961470e-01
8.122499704360961470e-01
7.949374914169311523e-01
7.933750152587890625e-01
7.763750314712524192e-01
7.665624856948852761e-01
7.610937356948852539e-01
7.605625152587890403e-01
7.698750019073485884e-01
7.898750066757201926e-01
7.976562499999999556e-01
8.021562576293945757e-01
8.432187557220458540e-01
8.539062499999999778e-01
8.575000286102294478e-01
8.778125286102295144e-01
8.735000371932983843e-01
8.545312404632567915e-01
8.495625019073486106e-01
8.345312595367431197e-01
7.950625181198119895e-01
7.784375190734863503e-01
8.038749933242798074e-01
7.820937395095824973e-01
7.737812519073485884e-01
7.509062528610229714e-01
7.292812347412109819e-01
6.973124980926513894e-01
6.831250190734863281e-01
6.744374990463256614e-01
6.451562285423279031e-01
6.330312371253967729e-01
5.100625038146973100e-01
5.093437552452086958e-01
4.562499999999999889e-01
4.288125038146972656e-01
4.486562609672546387e-01
4.485000133514404075e-01
4.475000023841858021e-01
4.765937566757202370e-01
5.486250042915343794e-01
5.527187585830688477e-01
5.752500057220458762e-01
